0.9999999
0.9999945
0.9964181
0.99999523
0.99999905
0.0047207572
0.99999845
0.99997425
1.0
0.9999937
0.9999951
0.99999857
0.999997
0.99991894
4.1891042e-05
0.9952376
0.08281766
0.9999602
0.43875748
0.99999833
0.99942774
0.99998367
0.9785338
0.99691015
0.9999838
0.00067509705
0.999046
0.9928658
0.9999105
0.9999262
0.99999654
0.030652402
0.97346455
0.99999964
0.99992704
0.9999994
0.9999348
0.99996316
0.99999917
0.9999896
0.97511375
0.9999982
0.99998736
0.99999416
0.31689513
0.9999722
0.9995907
0.8489408
0.99946195
0.99999964
0.995038
0.9999968
0.99999785
0.9999982
9.980271e-05
0.9987255
0.99981934
0.99997985
0.33471367
0.99991786
4.1891042e-05
4.1891042e-05
4.1891042e-05
4.1891042e-05
0.9999343
0.08482849
0.99948126
0.9999919
0.99999785
4.1891042e-05
0.99999416
0.9999976
4.1891042e-05
0.99999976
0.99999774
0.9999286
4.1891042e-05
0.9999938
0.969327
0.98292726
4.1891042e-05
0.9999949
0.99998224
4.1891042e-05
0.06244286
0.99993753
0.9999615
0.9999927
0.99996185
0.9998425
0.60797656
1.0
0.8665843
0.9999814
4.1891042e-05
0.99986815
0.99650025
0.9999639
0.9909117
0.99997246
0.99999976
4.1891042e-05
4.1891042e-05
1.002566e-09
4.1891042e-05
4.1891042e-05
4.1891042e-05
4.1891042e-05
4.1891042e-05
4.1891042e-05
4.1891042e-05
4.1891042e-05
4.1891042e-05
4.1891042e-05
4.1891042e-05
4.1891042e-05
4.1891042e-05
4.1891042e-05
2.2850777e-09
4.1891042e-05
4.1891042e-05
4.1891042e-05
0.34487852
4.1891042e-05
4.1891042e-05
0.006281146
0.98441064
4.1891042e-05
4.1891042e-05
4.1891042e-05
4.1891042e-05
4.1891042e-05
4.1891042e-05
4.1891042e-05
4.1891042e-05
4.1891042e-05
4.1891042e-05
4.1891042e-05
4.1891042e-05
0.00026564434
4.1891042e-05
4.1891042e-05
4.1891042e-05
4.1891042e-05
4.1891042e-05
0.09239978
4.1891042e-05
4.1891042e-05
4.1891042e-05
4.1891042e-05
0.021025378
4.1891042e-05
4.1891042e-05
4.1891042e-05
4.1891042e-05
4.1891042e-05
4.1891042e-05
4.1891042e-05
4.1891042e-05
4.1891042e-05
4.1891042e-05
4.1891042e-05
4.1891042e-05
4.1891042e-05
4.1891042e-05
4.1891042e-05
4.1891042e-05
4.1891042e-05
4.1891042e-05
4.1891042e-05
4.1891042e-05
4.1891042e-05
0.0018692103
4.1891042e-05
0.0034355512
4.1891042e-05
4.1891042e-05
4.1891042e-05
4.1891042e-05
4.1891042e-05
4.1891042e-05
4.1891042e-05
4.1891042e-05
4.1891042e-05
0.9431523
0.0029411875
4.1891042e-05
0.0009860956
4.1891042e-05
0.44265604
4.1891042e-05
0.26607224
4.1891042e-05
4.1891042e-05
4.1891042e-05
0.9960074
4.1891042e-05
0.00019345412
4.1891042e-05
4.1891042e-05
4.1891042e-05
4.1891042e-05
4.1891042e-05
4.1891042e-05
4.1891042e-05
2.361134e-08
4.1891042e-05
4.1891042e-05
4.1891042e-05
4.1891042e-05
4.1891042e-05
4.1891042e-05
4.1891042e-05
4.1891042e-05
4.1891042e-05
4.1891042e-05
4.1891042e-05
4.1891042e-05
4.1891042e-05
4.1891042e-05
4.1891042e-05
4.1891042e-05
4.1891042e-05
4.1891042e-05
4.1891042e-05
4.1891042e-05
1.9770268e-09
4.1891042e-05
4.1891042e-05
4.1891042e-05
4.1891042e-05
4.1891042e-05
4.1891042e-05
2.0413928e-08
4.1891042e-05
4.1891042e-05
4.1891042e-05
4.1891042e-05
4.1891042e-05
3.6414447e-09
4.1891042e-05
4.1891042e-05
4.1891042e-05
0.0018179892
4.1891042e-05
4.1891042e-05
4.1891042e-05
4.1891042e-05
4.1891042e-05
4.1891042e-05
4.1891042e-05
4.1891042e-05
4.1891042e-05
4.1891042e-05
4.1891042e-05
4.1891042e-05
4.1891042e-05
4.1891042e-05
4.1891042e-05
4.1891042e-05
4.1891042e-05
4.1891042e-05
4.1891042e-05
4.1891042e-05
4.1891042e-05
0.00035564657
4.1891042e-05
4.1891042e-05
4.1891042e-05
4.1891042e-05
4.1891042e-05
0.0012113422
4.1891042e-05
4.1891042e-05
4.1891042e-05
4.1891042e-05
4.1891042e-05
4.1891042e-05
4.1891042e-05
0.049453214
4.1891042e-05
0.05353019
4.1891042e-05
4.1891042e-05
4.1891042e-05
0.80553526
4.1891042e-05
4.1891042e-05
4.1891042e-05
4.1891042e-05
4.1891042e-05
4.1891042e-05
4.1891042e-05
4.1891042e-05
0.0074964906
4.1891042e-05
4.1891042e-05
4.1891042e-05
4.1891042e-05
4.1891042e-05
0.9999486
4.1891042e-05
4.1891042e-05
0.0008322131
4.1891042e-05
4.1891042e-05
4.1891042e-05
4.1891042e-05
4.1891042e-05
4.1891042e-05
4.1891042e-05
4.1891042e-05
4.1891042e-05
4.1891042e-05
4.1891042e-05
4.1891042e-05
0.04452246
4.1891042e-05
4.1891042e-05
4.1891042e-05
4.1891042e-05
4.1891042e-05
4.1891042e-05
4.1891042e-05
4.1891042e-05
4.1891042e-05
0.999861
0.60928035
8.792494e-08
4.1891042e-05
6.261423e-08
0.62778497
4.1891042e-05
4.1891042e-05
4.1891042e-05
4.1891042e-05
4.1891042e-05
4.1891042e-05
4.1891042e-05
4.1891042e-05
0.0061383634
4.1891042e-05
0.9998348
4.1891042e-05
4.1891042e-05
4.1891042e-05
0.9999925
4.1891042e-05
4.1891042e-05
4.1891042e-05
4.1891042e-05
4.1891042e-05
4.1891042e-05
4.1891042e-05
4.1891042e-05
4.1891042e-05
4.1891042e-05
4.1891042e-05
4.1891042e-05
0.9724938
4.1891042e-05
4.1891042e-05
0.46047255
4.1891042e-05
4.1891042e-05
4.1891042e-05
2.0846317e-08
4.1891042e-05
4.1891042e-05
4.1891042e-05
4.1891042e-05
4.1891042e-05
0.016795347
4.1891042e-05
4.1891042e-05
4.1891042e-05
4.1891042e-05
4.1891042e-05
4.1891042e-05
4.1891042e-05
4.1891042e-05
4.1891042e-05
4.1891042e-05
4.1891042e-05
4.1891042e-05
4.1891042e-05
4.1891042e-05
4.1891042e-05
4.1891042e-05
4.1891042e-05
4.1891042e-05
4.1891042e-05
4.1891042e-05
4.1891042e-05
4.1891042e-05
4.1891042e-05
4.1891042e-05
4.1891042e-05
4.1891042e-05
4.1891042e-05
4.1891042e-05
4.1891042e-05
4.1891042e-05
4.1891042e-05
4.1891042e-05
4.1891042e-05
4.1891042e-05
4.1891042e-05
4.1891042e-05
4.1891042e-05
4.1891042e-05
4.1891042e-05
4.1891042e-05
4.1891042e-05
4.1891042e-05
0.00011506311
0.0760416
4.1891042e-05
0.0018301421
4.1891042e-05
0.8556537
4.1891042e-05
4.1891042e-05
4.1891042e-05
4.1891042e-05
4.1891042e-05
0.0017731576
4.1891042e-05
4.1891042e-05
4.1891042e-05
4.1891042e-05
4.1891042e-05
4.1891042e-05
4.1891042e-05
4.1891042e-05
4.1891042e-05
4.1891042e-05
4.1891042e-05
4.1891042e-05
4.1891042e-05
4.1891042e-05
4.1891042e-05
4.1891042e-05
4.1891042e-05
4.1891042e-05
4.1891042e-05
4.1891042e-05
4.1891042e-05
4.1891042e-05
4.1891042e-05
4.1891042e-05
4.1891042e-05
4.1891042e-05
4.1891042e-05
4.1891042e-05
4.1891042e-05
4.1891042e-05
4.1891042e-05
0.00070035155
4.1891042e-05
4.1891042e-05
4.1891042e-05
4.1891042e-05
4.1891042e-05
4.1891042e-05
4.1891042e-05
4.1891042e-05
4.1891042e-05
4.1891042e-05
4.1891042e-05
4.1891042e-05
4.1891042e-05
4.1891042e-05
0.06265167
4.1891042e-05
0.006142923
4.1891042e-05
4.1891042e-05
4.1891042e-05
4.1891042e-05
4.1891042e-05
4.1891042e-05
4.1891042e-05
4.1891042e-05
4.1891042e-05
4.1891042e-05
4.1891042e-05
4.1891042e-05
4.1891042e-05
4.1891042e-05
4.1891042e-05
4.1891042e-05
4.1891042e-05
0.013789942
4.1891042e-05
4.1891042e-05
4.1891042e-05
4.1891042e-05
4.1891042e-05
4.1891042e-05
4.1891042e-05
4.1891042e-05
4.1891042e-05
4.1891042e-05
4.1891042e-05
4.1891042e-05
4.1891042e-05
2.4046272e-09
4.1891042e-05
4.1891042e-05
4.1891042e-05
4.1891042e-05
4.1891042e-05
0.9999975
0.0031576531
0.052582595
4.1891042e-05
4.1891042e-05
4.1891042e-05
0.00078591413
4.1891042e-05
4.1891042e-05
4.1891042e-05
4.1891042e-05
0.013176154
4.1891042e-05
0.88322073
5.8944443e-05
0.9995259
4.1891042e-05
0.91244113
0.0092872195
0.35570973
0.3994379
0.99925274
4.1891042e-05
0.49774775
4.1891042e-05
4.1891042e-05
4.1891042e-05
4.1891042e-05
4.1891042e-05
4.1891042e-05
4.1891042e-05
4.1891042e-05
4.1891042e-05
4.1891042e-05
4.1891042e-05
4.1891042e-05
4.1891042e-05
4.1891042e-05
4.1891042e-05
4.1891042e-05
4.1891042e-05
4.1891042e-05
4.1891042e-05
4.1891042e-05
4.1891042e-05
4.1891042e-05
4.1891042e-05
4.1891042e-05
4.1891042e-05
4.1891042e-05
4.1891042e-05
4.1891042e-05
9.674771e-05
4.1891042e-05
4.1891042e-05
4.1891042e-05
4.1891042e-05
4.1891042e-05
4.1891042e-05
4.1891042e-05
4.1891042e-05
4.1891042e-05
4.1891042e-05
4.1891042e-05
4.1891042e-05
4.1891042e-05
4.1891042e-05
0.93405
4.1891042e-05
4.1891042e-05
4.1891042e-05
4.1891042e-05
4.1891042e-05
4.1891042e-05
4.1891042e-05
4.1891042e-05
4.1891042e-05
4.1891042e-05
4.1891042e-05
4.1891042e-05
4.1891042e-05
4.1891042e-05
4.1891042e-05
4.1891042e-05
4.1891042e-05
1.2213577e-06
4.1891042e-05
4.1891042e-05
4.1891042e-05
4.1891042e-05
4.1891042e-05
4.1891042e-05
4.1891042e-05
0.00028828302
4.1891042e-05
4.1891042e-05
4.1891042e-05
4.1891042e-05
4.1891042e-05
4.1891042e-05
4.1891042e-05
4.1891042e-05
0.003976942
4.1891042e-05
4.1891042e-05
4.1891042e-05
0.98550284
4.1891042e-05
4.1891042e-05
4.1891042e-05
0.9910159
4.1891042e-05
4.1891042e-05
4.1891042e-05
4.1891042e-05
4.1891042e-05
4.1891042e-05
4.1891042e-05
4.1891042e-05
4.1891042e-05
4.1891042e-05
4.1891042e-05
4.1891042e-05
4.1891042e-05
4.1891042e-05
4.1891042e-05
4.1891042e-05
4.1891042e-05
4.1891042e-05
5.3761036e-05
4.1891042e-05
4.1891042e-05
4.1891042e-05
4.1891042e-05
4.1891042e-05
4.1891042e-05
4.1891042e-05
4.1891042e-05
4.1891042e-05
4.1891042e-05
4.1891042e-05
4.1891042e-05
4.1891042e-05
4.1891042e-05
4.1891042e-05
4.1891042e-05
0.0022691523
0.00011393145
4.1891042e-05
4.1891042e-05
4.1891042e-05
4.1891042e-05
0.0048436443
0.00805914
4.1891042e-05
4.1891042e-05
4.1891042e-05
4.1891042e-05
4.1891042e-05
4.1891042e-05
4.1891042e-05
4.1891042e-05
4.1891042e-05
4.1891042e-05
0.0564763
4.1891042e-05
0.0008222574
4.1891042e-05
4.1891042e-05
4.1891042e-05
4.1891042e-05
4.1891042e-05
4.1891042e-05
4.1891042e-05
3.19647e-10
0.09806005
4.1891042e-05
4.1891042e-05
4.1891042e-05
4.1891042e-05
4.1891042e-05
4.1891042e-05
6.3534484e-05
4.1891042e-05
4.1891042e-05
4.1891042e-05
4.1891042e-05
4.1891042e-05
4.1891042e-05
4.1891042e-05
0.9523554
4.1891042e-05
4.1891042e-05
4.1891042e-05
4.1891042e-05
4.1891042e-05
4.1891042e-05
4.1891042e-05
4.1891042e-05
4.1891042e-05
4.1891042e-05
4.1891042e-05
0.9504998
4.1891042e-05
4.1891042e-05
4.1891042e-05
0.0008636111
0.991926
4.1891042e-05
4.1891042e-05
4.1891042e-05
4.1891042e-05
4.1891042e-05
4.1891042e-05
4.1891042e-05
4.1891042e-05
4.1891042e-05
4.1891042e-05
4.1891042e-05
4.1891042e-05
4.1891042e-05
0.012324835
4.1891042e-05
4.1891042e-05
4.1891042e-05
4.1891042e-05
4.1891042e-05
4.1891042e-05
4.1891042e-05
4.1891042e-05
4.1891042e-05
4.1891042e-05
4.1891042e-05
4.1891042e-05
4.1891042e-05
4.1891042e-05
4.1891042e-05
4.1891042e-05
0.00046005982
4.1891042e-05
