1.000000
0.000000
0.000000
0.871788
1.000000
0.000000
0.187200
0.000000
0.000000
0.000000
0.999637
0.000000
0.000000
0.000000
0.000000
0.000000
0.001416
0.000000
0.000211
0.000000
0.000000
0.000000
0.001053
0.000000
0.000000
0.000001
0.000000
1.000000
0.141593
0.895400
0.000000
0.000000
0.030807
0.000000
0.000000
0.005789
0.999999
0.000000
0.000000
0.000000
0.000000
1.000000
0.000000
0.000000
1.000000
0.000000
0.000000
0.481767
0.000000
0.917051
0.000000
0.000000
0.000000
0.985351
0.000000
1.000000
0.993416
1.000000
0.000000
0.000000
0.000000
0.000000
0.012982
1.000000
0.000000
0.000000
0.000005
0.000000
0.000000
0.000000
0.000001
1.000000
0.000000
0.282374
1.000000
0.000000
0.000000
0.000000
0.000000
0.000029
1.000000
0.000000
1.000000
0.000000
0.000000
1.000000
0.000000
0.000000
0.000000
0.000000
0.000000
0.000000
0.999915
0.000000
0.000000
0.000000
0.000000
0.971564
0.000000
0.000000
0.000000
0.000000
0.000000
0.000000
0.000000
0.832708
0.000000
0.000000
1.000000
0.000000
0.999630
0.000000
0.000000
0.999997
0.000000
0.000000
0.000000
0.000305
0.000000
0.000011
0.000000
0.815782
0.000000
0.000000
0.000000
0.000000
0.996046
0.000000
1.000000
0.000000
0.994348
0.000000
0.043045
0.000000
1.000000
0.000000
0.242705
0.000000
0.000000
0.000000
0.000000
0.000000
0.000000
0.000000
0.000000
0.000000
0.999990
0.000000
1.000000
0.000000
0.000000
0.033187
0.000000
0.971263
0.000000
0.000000
0.000145
1.000000
0.008330
0.999999
0.000000
0.000000
0.000000
0.999999
0.967628
0.000000
0.000000
0.000006
0.000000
1.000000
0.000000
0.000000
0.000000
0.000000
1.000000
0.000000
0.000000
0.000000
0.000001
0.999978
0.000000
0.000000
1.000000
0.000000
0.000000
0.000000
0.000000
0.000000
0.000000
0.455599
0.000000
0.000000
0.135509
1.000000
0.988256
0.977805
0.000003
0.000000
0.000000
0.000000
0.000000
0.000000
0.000000
0.999281
0.000000
0.000000
0.000000
0.000000
0.000000
1.000000
1.000000
0.000000
0.000000
1.000000
0.000000
0.000009
0.000000
0.000000
0.000000
0.000000
0.000000
0.999999
0.556420
0.000000
1.000000
0.000000
0.000389
0.000000
0.000000
0.000000
0.000000
0.000000
0.000000
0.000000
0.000000
1.000000
0.000000
0.552717
0.997743
0.000000
0.351940
0.000000
0.036679
0.000000
0.000000
0.000000
0.000000
0.000000
0.995735
0.995926
0.966107
0.000000
0.000000
1.000000
0.000000
0.000000
0.000000
0.000000
0.000000
0.000000
0.000000
0.000000
0.000000
0.000000
0.000000
0.000000
0.000000
0.000000
0.000000
0.999998
0.000000
1.000000
0.000000
0.000000
1.000000
0.000000
1.000000
0.000079
0.000000
0.000697
0.000000
0.000000
0.000000
0.000064
0.000000
0.000000
0.000014
0.000000
0.000000
0.000000
0.000000
0.000000
0.000000
0.000000
0.000000
1.000000
1.000000
0.000000
0.998586
0.000000
0.000000
0.000000
0.000000
0.000000
0.000000
0.000925
0.000000
0.000000
0.000000
0.000000
0.000000
0.999999
0.213035
0.000000
1.000000
0.000697
0.996413
0.000000
1.000000
0.000000
1.000000
0.000000
0.000000
1.000000
0.000000
0.000000
0.000000
0.000000
0.000000
0.000000
1.000000
1.000000
0.000000
0.000000
1.000000
0.000000
1.000000
0.004441
0.846577
0.999966
0.000000
0.000000
0.000000
0.000000
1.000000
1.000000
0.000000
0.000000
1.000000
0.000000
0.001460
0.000000
0.000000
0.000000
0.904774
0.000000
0.000000
1.000000
1.000000
0.000000
0.000000
0.987638
0.000000
0.000000
0.000000
0.000000
0.104391
0.000000
0.001168
0.989465
0.000445
0.000000
0.000000
0.000000
0.000000
1.000000
1.000000
1.000000
1.000000
1.000000
0.005157
0.000000
0.000000
0.000019
1.000000
0.000017
0.000000
0.000096
0.000000
0.000623
0.000121
0.000009
0.000000
0.000000
1.000000
0.999992
0.000000
1.000000
0.000000
0.517807
0.000000
1.000000
0.000000
0.000000
0.000000
0.999440
1.000000
1.000000
0.000000
0.000000
0.000000
0.000000
0.000000
0.999929
0.936028
0.000000
0.000000
1.000000
0.000000
0.000000
0.000000
0.000000
0.000000
1.000000
1.000000
0.000000
0.000000
0.000000
0.000000
0.000000
0.000000
1.000000
0.000000
0.999988
0.000000
1.000000
0.000000
0.000000
0.000000
0.000000
0.000000
0.000000
0.000000
1.000000
0.000000
0.000000
1.000000
0.000000
1.000000
0.000001
0.000000
0.000000
1.000000
0.000028
0.000000
0.000000
0.000000
0.000000
0.000000
0.000000
0.000000
0.000000
0.000000
0.998373
1.000000
0.873555
1.000000
0.000000
0.997811
0.000000
0.000000
1.000000
0.000000
0.000007
0.001522
0.000040
1.000000
1.000000
1.000000
1.000000
0.000000
0.948214
1.000000
0.142401
0.000000
0.000000
1.000000
0.000005
0.588114
0.000391
0.000000
0.000000
0.000000
0.000000
0.999999
0.000000
0.000000
0.000000
0.000000
1.000000
0.000000
0.000000
0.000000
0.000000
0.000000
0.000006
0.000000
0.007484
0.000040
0.000000
0.000000
0.000000
1.000000
0.000000
0.000000
0.000000
0.000000
0.000000
0.000000
0.000000
0.000552
0.000000
0.000000
1.000000
0.000000
1.000000
0.000000
0.000000
0.000000
0.000000
0.000000
1.000000
0.000000
0.000000
0.000000
0.000000
0.000000
0.000000
0.000000
1.000000
0.000000
0.000000
0.000422
0.325338
0.000000
0.000000
0.000000
0.000001
0.000000
0.000000
0.000010
1.000000
1.000000
0.000000
1.000000
1.000000
0.000000
0.000001
0.000025
0.001392
1.000000
0.999892
0.000000
0.012433
0.000000
0.000138
0.000000
0.000000
0.000000
0.000000
0.000000
0.000000
0.000000
1.000000
0.000000
0.708075
0.000000
1.000000
0.000000
0.000000
0.000000
0.000000
0.000000
0.000000
0.999998
0.000000
0.000000
0.045431
0.000000
0.000000
0.000000
1.000000
0.000000
0.999523
0.000000
0.001201
0.000000
1.000000
1.000000
0.000000
0.000000
0.000000
0.000000
0.000000
0.000084
0.000000
0.000000
0.029515
0.000000
0.002584
0.000000
0.000000
0.000000
0.000000
0.000000
0.999936
0.000000
1.000000
1.000000
0.000000
1.000000
0.000000
1.000000
0.000000
0.000000
0.000000
1.000000
0.000000
0.000000
0.000000
0.000000
0.000000
0.000000
0.000000
0.000000
0.000000
1.000000
0.999816
0.000000
0.000000
1.000000
0.000000
0.000000
0.000000
0.000000
0.999595
0.000000
0.000000
0.999999
0.000000
0.001535
0.000000
0.328858
1.000000
0.000000
0.000000
0.000000
1.000000
0.000000
0.000000
1.000000
0.998975
1.000000
0.000000
1.000000
0.000000
0.000000
1.000000
0.000000
0.999949
0.000000
0.000000
0.678795
0.000000
0.000000
0.000000
0.000000
0.000000
0.000000
0.000000
0.000000
0.000000
0.000000
1.000000
0.000000
0.000000
0.000000
1.000000
0.000000
0.000000
0.000000
1.000000
1.000000
0.000054
1.000000
0.000000
0.000000
0.000000
0.496856
0.000000
1.000000
1.000000
0.000000
0.999998
0.000000
1.000000
1.000000
0.003124
0.000000
0.000000
0.000000
0.000000
0.999357
0.000000
0.000000
0.000000
0.000181
1.000000
0.000000
0.000000
0.720393
0.009324
0.000000
0.000000
0.000000
0.000000
1.000000
0.000231
0.000000
0.000002
0.999986
1.000000
0.000000
1.000000
0.000000
0.000000
0.000000
0.000057
0.000000
0.000000
1.000000
1.000000
0.000002
0.999959
0.000000
0.000000
0.000000
0.000173
0.000000
0.000000
0.982979
0.000000
0.668746
