2.433325164020061493e-02
1.036306545138359070e-01
1.079232548363506794e-03
6.970227509737014771e-02
2.702182158827781677e-03
3.463597223162651062e-02
2.791413106024265289e-02
7.462752982974052429e-04
7.298745214939117432e-03
7.179260719567537308e-03
2.187759988009929657e-02
4.258176311850547791e-03
4.673914052546024323e-03
4.541747272014617920e-01
7.969589233398437500e-01
1.121148467063903809e-02
6.461059302091598511e-02
2.651777816936373711e-03
2.388364635407924652e-03
4.015664104372262955e-03
3.516599535942077637e-03
5.625906866043806076e-03
1.802019588649272919e-02
2.028565621003508568e-03
4.942708648741245270e-03
1.428589224815368652e-03
4.004912450909614563e-03
9.959619492292404175e-03
4.045840725302696228e-02
2.892154036089777946e-03
1.357942167669534683e-02
4.538115859031677246e-01
1.602991484105587006e-02
4.688221961259841919e-03
8.720756508409976959e-03
5.112650338560342789e-03
7.835464179515838623e-02
1.049041748046875000e-02
1.363122463226318359e-02
6.824544072151184082e-02
1.938195526599884033e-02
6.831598468124866486e-03
3.220826387405395508e-01
1.674237549304962158e-01
3.115505538880825043e-02
9.023148566484451294e-02
1.623640395700931549e-02
4.449638351798057556e-02
8.481620997190475464e-02
3.523850813508033752e-02
1.044467184692621231e-02
3.373349830508232117e-02
2.903156680986285210e-03
2.066981047391891479e-02
1.471060663461685181e-01
2.890949510037899017e-02
1.917576603591442108e-02
2.848812146112322807e-03
3.771031042560935020e-03
3.445843467488884926e-03
2.956106327474117279e-02
3.006222471594810486e-02
6.622032728046178818e-03
3.632852435111999512e-02
4.371730089187622070e-01
7.388323545455932617e-02
1.122870948165655136e-02
7.292273920029401779e-03
7.611662615090608597e-03
2.768728591036051512e-04
3.777497261762619019e-02
6.528535485267639160e-01
2.460531890392303467e-03
1.413812395185232162e-02
1.970465062186121941e-03
5.417657666839659214e-04
2.332281786948442459e-03
3.047319129109382629e-03
1.383509039878845215e-01
8.114789128303527832e-01
1.284741759300231934e-01
8.190937042236328125e-01
2.055177092552185059e-02
6.186048686504364014e-02
1.672346331179141998e-02
2.077603153884410858e-02
9.935853630304336548e-02
4.158366918563842773e-01
8.984414935111999512e-01
3.162077367305755615e-01
5.798185616731643677e-02
3.536333143711090088e-01
1.959115117788314819e-01
7.965687662363052368e-02
3.724260032176971436e-01
4.246928691864013672e-01
1.122849732637405396e-01
2.259662374854087830e-02
1.978774182498455048e-02
1.001144126057624817e-01
8.516704291105270386e-02
9.786525964736938477e-01
7.743588685989379883e-01
9.945858716964721680e-01
9.046457409858703613e-01
9.982452392578125000e-01
9.949794411659240723e-01
8.353478908538818359e-01
9.787994623184204102e-01
9.775826334953308105e-01
9.797586202621459961e-01
8.688260912895202637e-01
9.958233833312988281e-01
9.918276071548461914e-01
9.993335604667663574e-01
9.674850106239318848e-01
9.653204679489135742e-01
7.838600277900695801e-01
3.927328586578369141e-01
9.952098727226257324e-01
9.964654445648193359e-01
9.918841123580932617e-01
9.296947717666625977e-01
9.984095692634582520e-01
9.983083009719848633e-01
9.330169558525085449e-01
8.038493990898132324e-01
9.979823827743530273e-01
9.975983500480651855e-01
9.904071688652038574e-01
9.087287783622741699e-01
9.924883842468261719e-01
9.973359704017639160e-01
9.895472526550292969e-01
9.749463200569152832e-01
9.841312766075134277e-01
9.956790804862976074e-01
9.961888194084167480e-01
9.955709576606750488e-01
9.969295859336853027e-01
9.978754520416259766e-01
9.925156235694885254e-01
9.078673720359802246e-01
9.967370629310607910e-01
9.991463422775268555e-01
9.940508008003234863e-01
9.897449612617492676e-01
9.890593290328979492e-01
9.985831975936889648e-01
7.582580447196960449e-01
9.915905594825744629e-01
9.883221983909606934e-01
9.985870122909545898e-01
9.958274960517883301e-01
9.958741068840026855e-01
9.994884729385375977e-01
9.633336067199707031e-01
9.537428617477416992e-01
9.989257454872131348e-01
8.563473224639892578e-01
8.653675913810729980e-01
9.985993504524230957e-01
9.854243397712707520e-01
9.937161803245544434e-01
9.542135000228881836e-01
9.399972558021545410e-01
9.820446968078613281e-01
9.803434610366821289e-01
7.789818644523620605e-01
9.404889941215515137e-01
9.778794646263122559e-01
9.436979889869689941e-01
9.461805820465087891e-01
9.947142004966735840e-01
9.740715622901916504e-01
9.899064898490905762e-01
9.660304784774780273e-01
9.977362155914306641e-01
9.686368107795715332e-01
9.456282854080200195e-01
9.880139827728271484e-01
9.219269752502441406e-01
9.188519120216369629e-01
9.128324389457702637e-01
8.521887660026550293e-01
6.768372058868408203e-01
9.680740833282470703e-01
9.979152083396911621e-01
9.854286313056945801e-01
9.048021435737609863e-01
9.783113598823547363e-01
7.901168465614318848e-01
9.858636260032653809e-01
9.940081834793090820e-01
9.209964871406555176e-01
8.910374641418457031e-01
2.307945042848587036e-01
8.029479980468750000e-01
5.938307046890258789e-01
9.975207448005676270e-01
9.866298437118530273e-01
9.877439141273498535e-01
9.960789084434509277e-01
5.006626248359680176e-01
8.899346590042114258e-01
9.645739197731018066e-01
9.601491689682006836e-01
9.517121911048889160e-01
9.874189496040344238e-01
9.521819949150085449e-01
9.652091860771179199e-01
9.313024282455444336e-01
8.688746690750122070e-01
9.810279607772827148e-01
9.781677126884460449e-01
9.456184506416320801e-01
9.712259769439697266e-01
9.125968813896179199e-01
9.654141664505004883e-01
9.600110054016113281e-01
9.519035220146179199e-01
8.636161088943481445e-01
8.804983496665954590e-01
9.335557222366333008e-01
9.630296826362609863e-01
9.650417566299438477e-01
9.019304513931274414e-01
9.070105552673339844e-01
9.281536340713500977e-01
9.828987121582031250e-01
9.932857155799865723e-01
9.885166883468627930e-01
9.743105173110961914e-01
9.688504934310913086e-01
9.923208355903625488e-01
9.608953595161437988e-01
9.222959280014038086e-01
9.687285423278808594e-01
9.910596013069152832e-01
9.802997112274169922e-01
9.562880992889404297e-01
9.763097763061523438e-01
9.879487752914428711e-01
9.878465533256530762e-01
9.894981384277343750e-01
9.737049341201782227e-01
9.963282942771911621e-01
9.046068191528320312e-01
9.923088550567626953e-01
9.934480786323547363e-01
9.935007691383361816e-01
9.969536066055297852e-01
9.386738538742065430e-01
9.891927838325500488e-01
9.917209148406982422e-01
9.006904959678649902e-01
9.598568081855773926e-01
9.464689493179321289e-01
9.980850219726562500e-01
9.962660670280456543e-01
4.228050410747528076e-01
9.635833501815795898e-01
4.760286509990692139e-01
9.855211377143859863e-01
9.689883589744567871e-01
9.700008630752563477e-01
4.196556508541107178e-01
8.893882036209106445e-01
9.444946646690368652e-01
5.209236741065979004e-01
9.821866750717163086e-01
8.749240040779113770e-01
5.675891041755676270e-01
9.276087284088134766e-01
9.870809912681579590e-01
9.187850952148437500e-01
9.143581390380859375e-01
9.800981283187866211e-01
9.783267378807067871e-01
8.987556695938110352e-01
9.101562500000000000e-01
9.107015132904052734e-01
9.898023009300231934e-01
9.931929707527160645e-01
9.164122939109802246e-01
8.480552434921264648e-01
7.537592053413391113e-01
8.356884717941284180e-01
9.598839282989501953e-01
9.978448152542114258e-01
9.451315999031066895e-01
7.642901539802551270e-01
9.880493283271789551e-01
9.786695241928100586e-01
9.867837429046630859e-01
9.174611568450927734e-01
9.876982569694519043e-01
9.696488976478576660e-01
9.658845663070678711e-01
9.909137487411499023e-01
7.592777013778686523e-01
8.551706075668334961e-01
5.835807323455810547e-01
9.565294384956359863e-01
9.102697372436523438e-01
9.224960207939147949e-01
9.580298662185668945e-01
8.922469615936279297e-01
9.328124523162841797e-01
9.304813742637634277e-01
8.873725533485412598e-01
7.580429315567016602e-01
9.794294834136962891e-01
6.656649112701416016e-01
2.142398506402969360e-01
9.038066267967224121e-01
8.595793247222900391e-01
2.324143350124359131e-01
7.078264951705932617e-01
8.604783415794372559e-01
8.131254315376281738e-01
7.638852596282958984e-01
7.516897320747375488e-01
9.925464987754821777e-01
9.272403717041015625e-01
9.331320524215698242e-01
2.501359768211841583e-02
5.351719856262207031e-01
7.179885506629943848e-01
9.095597863197326660e-01
6.520568132400512695e-01
3.126865625381469727e-02
9.893157482147216797e-01
8.808060288429260254e-01
7.624644041061401367e-01
7.887453436851501465e-01
8.865017294883728027e-01
9.606488943099975586e-01
9.465197324752807617e-01
9.530778527259826660e-01
5.987259745597839355e-01
8.111799359321594238e-01
9.930871129035949707e-01
9.857543706893920898e-01
9.951464533805847168e-01
8.264224529266357422e-01
5.345694422721862793e-01
8.933288455009460449e-01
8.310049772262573242e-01
9.626906514167785645e-01
9.784915447235107422e-01
9.213884472846984863e-01
6.629567146301269531e-01
2.358498126268386841e-01
9.679235219955444336e-01
9.298070669174194336e-01
8.567001819610595703e-01
2.548797428607940674e-01
5.660110116004943848e-01
8.982722759246826172e-01
8.291689753532409668e-01
8.221209645271301270e-01
9.816032052040100098e-01
7.552874684333801270e-01
4.307133555412292480e-01
5.310406684875488281e-01
9.900908470153808594e-01
7.901024818420410156e-01
9.894450306892395020e-01
9.817634224891662598e-01
9.143890738487243652e-01
9.333229660987854004e-01
7.307240366935729980e-01
7.308124899864196777e-01
6.529604792594909668e-01
6.117719411849975586e-01
9.982743263244628906e-01
9.691934585571289062e-01
9.749007821083068848e-01
9.951058626174926758e-01
9.297861456871032715e-01
4.848760068416595459e-01
9.115631580352783203e-01
9.713299870491027832e-01
5.968796610832214355e-01
9.935950636863708496e-01
9.925647974014282227e-01
9.928886294364929199e-01
8.189778327941894531e-01
9.945789575576782227e-01
8.532047867774963379e-01
9.945750236511230469e-01
9.341710805892944336e-01
9.757517576217651367e-01
9.779998660087585449e-01
9.917753934860229492e-01
9.793919920921325684e-01
9.944545626640319824e-01
9.865614771842956543e-01
9.919673800468444824e-01
7.053920626640319824e-01
9.794927239418029785e-01
9.880805015563964844e-01
9.187095165252685547e-01
8.720287680625915527e-01
8.710765838623046875e-01
9.696912765502929688e-01
9.731479287147521973e-01
5.016076564788818359e-01
6.300021409988403320e-01
9.872232675552368164e-01
9.728673696517944336e-01
8.869944214820861816e-01
2.668692171573638916e-01
2.566360831260681152e-01
6.474389433860778809e-01
3.107055425643920898e-01
9.032822847366333008e-01
3.521783351898193359e-01
5.444746017456054688e-01
9.425053000450134277e-01
7.745817303657531738e-02
9.249526262283325195e-01
9.787348508834838867e-01
9.113462567329406738e-01
6.551450490951538086e-01
9.086893200874328613e-01
3.563962578773498535e-01
5.723862051963806152e-01
8.692872524261474609e-01
9.898946881294250488e-01
9.880818128585815430e-01
9.648046493530273438e-01
9.600129723548889160e-01
8.492414355278015137e-01
9.754126071929931641e-01
9.150682091712951660e-01
9.255073666572570801e-01
9.078570008277893066e-01
9.885827302932739258e-01
8.347036242485046387e-01
9.814799427986145020e-01
9.844515323638916016e-01
8.931227326393127441e-01
8.531544804573059082e-01
9.622828960418701172e-01
9.301335215568542480e-01
9.795337915420532227e-01
9.776298999786376953e-01
9.453179836273193359e-01
9.845440983772277832e-01
9.794770479202270508e-01
9.169390797615051270e-01
9.982927441596984863e-01
9.801344275474548340e-01
9.658843278884887695e-01
8.609995841979980469e-01
9.300571084022521973e-01
9.982396364212036133e-01
9.917215704917907715e-01
6.338936090469360352e-01
9.804526567459106445e-01
9.945955872535705566e-01
9.899919629096984863e-01
9.690458178520202637e-01
5.649687051773071289e-01
9.408666491508483887e-01
6.052792072296142578e-01
9.288753271102905273e-01
9.495762586593627930e-01
9.569285511970520020e-01
8.956480026245117188e-01
8.149156570434570312e-01
9.587762951850891113e-01
9.912847280502319336e-01
9.862285852432250977e-01
9.802242517471313477e-01
9.518118500709533691e-01
9.839041233062744141e-01
9.639192223548889160e-01
9.676506519317626953e-01
9.743661880493164062e-01
9.874267578125000000e-01
9.877677559852600098e-01
9.874717593193054199e-01
9.613386988639831543e-01
9.880115389823913574e-01
9.401816129684448242e-01
8.851978778839111328e-01
9.167303442955017090e-01
9.613777399063110352e-01
8.574329018592834473e-01
9.761640429496765137e-01
9.919781684875488281e-01
9.745653271675109863e-01
9.658895730972290039e-01
9.915600419044494629e-01
9.834799766540527344e-01
9.855382442474365234e-01
9.817171096801757812e-01
9.488812088966369629e-01
9.976724982261657715e-01
9.849461317062377930e-01
9.954563379287719727e-01
9.893972873687744141e-01
9.872294664382934570e-01
9.723797440528869629e-01
9.800465106964111328e-01
9.966744184494018555e-01
9.699584245681762695e-01
5.021197795867919922e-01
2.792408168315887451e-01
7.844787240028381348e-01
7.878556847572326660e-02
2.561235427856445312e-01
7.770991325378417969e-01
6.664080023765563965e-01
6.713837385177612305e-01
9.930530190467834473e-01
9.841138124465942383e-01
9.926102757453918457e-01
9.890623688697814941e-01
9.869291782379150391e-01
9.965937733650207520e-01
8.636607527732849121e-01
9.956251978874206543e-01
5.725142359733581543e-01
9.284300804138183594e-01
9.309021830558776855e-01
9.986363053321838379e-01
9.502999186515808105e-01
9.943916201591491699e-01
9.990611672401428223e-01
9.951901435852050781e-01
9.728574156761169434e-01
9.951874017715454102e-01
9.319925904273986816e-01
9.881550073623657227e-01
9.917160868644714355e-01
9.952402114868164062e-01
9.613597393035888672e-01
9.925663471221923828e-01
9.980031847953796387e-01
9.813259840011596680e-01
9.848944544792175293e-01
9.817615747451782227e-01
9.940412640571594238e-01
9.872499108314514160e-01
9.900482892990112305e-01
9.560107588768005371e-01
9.964587092399597168e-01
9.945749044418334961e-01
9.943483471870422363e-01
9.353978037834167480e-01
9.400346875190734863e-01
9.644807577133178711e-01
9.059725999832153320e-01
9.961358904838562012e-01
9.535148739814758301e-01
9.763434529304504395e-01
9.946928620338439941e-01
9.883599281311035156e-01
9.953995347023010254e-01
9.931159615516662598e-01
9.803859591484069824e-01
9.927822351455688477e-01
9.733676314353942871e-01
9.788827300071716309e-01
9.856197834014892578e-01
9.798356294631958008e-01
9.949300885200500488e-01
9.488260149955749512e-01
9.510186910629272461e-01
9.186716675758361816e-01
9.865374565124511719e-01
9.540297389030456543e-01
9.964752793312072754e-01
8.221386671066284180e-01
9.824643731117248535e-01
8.391778469085693359e-01
7.728191018104553223e-01
9.868282079696655273e-01
9.823038578033447266e-01
9.915683865547180176e-01
9.676049947738647461e-01
9.846582412719726562e-01
9.923738837242126465e-01
9.930086135864257812e-01
9.434263110160827637e-01
6.944798231124877930e-01
9.373409152030944824e-01
9.461495280265808105e-01
9.294009804725646973e-01
9.962510466575622559e-01
8.412176966667175293e-01
9.789726138114929199e-01
9.809032678604125977e-01
9.638435244560241699e-01
9.985217452049255371e-01
9.922163486480712891e-01
3.472100198268890381e-01
9.914814233779907227e-01
9.794122576713562012e-01
7.605035305023193359e-01
9.867591261863708496e-01
9.742373228073120117e-01
9.910117387771606445e-01
9.709995388984680176e-01
9.943097829818725586e-01
9.561442136764526367e-01
9.943097829818725586e-01
9.561442136764526367e-01
7.714667916297912598e-01
9.950976967811584473e-01
9.992121458053588867e-01
9.926217794418334961e-01
9.919107556343078613e-01
9.739170074462890625e-01
9.570770263671875000e-01
8.151697516441345215e-01
7.288645505905151367e-01
9.841399192810058594e-01
8.765360713005065918e-01
9.955635070800781250e-01
9.971447587013244629e-01
9.980620741844177246e-01
9.975802898406982422e-01
9.988663196563720703e-01
9.791977405548095703e-01
9.945975542068481445e-01
9.462308287620544434e-01
7.497580647468566895e-01
9.871767163276672363e-01
9.714032411575317383e-01
9.739212989807128906e-01
8.404276967048645020e-01
9.529719352722167969e-01
7.981113791465759277e-01
9.874189496040344238e-01
9.470043182373046875e-01
9.693197011947631836e-01
9.913323521614074707e-01
9.904725551605224609e-01
9.866472482681274414e-01
9.949131011962890625e-01
9.948832988739013672e-01
9.843862652778625488e-01
8.192655444145202637e-01
9.866472482681274414e-01
8.192655444145202637e-01
8.035097718238830566e-01
7.969127297401428223e-01
3.327703475952148438e-01
5.618562102317810059e-01
1.254575252532958984e-01
1.824945211410522461e-01
6.798040866851806641e-02
9.528717994689941406e-01
2.029161602258682251e-01
8.453627228736877441e-01
5.621837377548217773e-01
3.311716020107269287e-01
9.098975062370300293e-01
7.169867753982543945e-01
7.476822137832641602e-01
6.589565873146057129e-01
5.176200866699218750e-01
3.526495993137359619e-01
5.491246581077575684e-01
3.068743348121643066e-01
7.913546562194824219e-01
1.704977601766586304e-01
4.663566499948501587e-02
7.088323831558227539e-01
2.934714257717132568e-01
6.665543913841247559e-01
7.993479818105697632e-02
5.061092972755432129e-02
5.651831030845642090e-01
5.471701622009277344e-01
8.942018747329711914e-01
4.068982303142547607e-01
5.132206529378890991e-02
8.910717368125915527e-01
4.813043475151062012e-01
7.153579592704772949e-01
5.296532511711120605e-01
7.289779186248779297e-02
3.334625661373138428e-01
9.064146876335144043e-01
2.512802481651306152e-01
6.741245985031127930e-01
7.465116977691650391e-01
6.147830486297607422e-01
7.327632904052734375e-01
6.709700822830200195e-01
4.285253956913948059e-02
4.840492308139801025e-01
4.112872183322906494e-01
3.265800476074218750e-01
1.034357100725173950e-01
9.426537752151489258e-01
2.013557255268096924e-01
1.252577900886535645e-01
1.708393245935440063e-01
3.954735398292541504e-01
9.051303863525390625e-01
7.458583712577819824e-01
6.537283658981323242e-01
3.158677518367767334e-01
2.513774633407592773e-01
7.069616317749023438e-01
7.294152975082397461e-01
5.820282697677612305e-01
2.920682728290557861e-01
7.055127024650573730e-01
1.563240587711334229e-01
5.821995139122009277e-01
5.995483398437500000e-01
2.901496291160583496e-01
6.522224545478820801e-01
2.927802205085754395e-01
2.141733020544052124e-01
6.457018852233886719e-01
9.861996173858642578e-01
6.183944940567016602e-01
3.013232052326202393e-01
5.660531520843505859e-01
2.326640635728836060e-01
9.795412421226501465e-01
2.853974886238574982e-02
6.848474740982055664e-01
8.657833933830261230e-01
7.069886326789855957e-01
1.988577246665954590e-01
3.963263034820556641e-01
8.449530005455017090e-01
2.761374115943908691e-01
1.087502315640449524e-01
5.047744512557983398e-01
6.978350877761840820e-02
7.501029968261718750e-01
5.877352356910705566e-01
3.337982594966888428e-01
3.225308656692504883e-01
3.323151916265487671e-02
2.936111092567443848e-01
3.902468979358673096e-01
6.558189541101455688e-02
2.911904156208038330e-01
8.777157068252563477e-01
3.673164844512939453e-01
6.115958094596862793e-01
