9.756667613983154297e-01
8.963693380355834961e-01
9.989207983016967773e-01
9.302977323532104492e-01
9.972978234291076660e-01
9.653640389442443848e-01
9.720858335494995117e-01
9.992536902427673340e-01
9.927012920379638672e-01
9.928207993507385254e-01
9.781224727630615234e-01
9.957418441772460938e-01
9.953260421752929688e-01
5.458253026008605957e-01
2.030410617589950562e-01
9.887885451316833496e-01
9.353894591331481934e-01
9.973481893539428711e-01
9.976116418838500977e-01
9.959843158721923828e-01
9.964834451675415039e-01
9.943740367889404297e-01
9.819798469543457031e-01
9.979714751243591309e-01
9.950573444366455078e-01
9.985713958740234375e-01
9.959950447082519531e-01
9.900403618812561035e-01
9.595415592193603516e-01
9.971078038215637207e-01
9.864205121994018555e-01
5.461884140968322754e-01
9.839701056480407715e-01
9.953117370605468750e-01
9.912791848182678223e-01
9.948874115943908691e-01
9.216454029083251953e-01
9.895095825195312500e-01
9.863687753677368164e-01
9.317545890808105469e-01
9.806180596351623535e-01
9.931683540344238281e-01
6.779173612594604492e-01
8.325762748718261719e-01
9.688448905944824219e-01
9.097685217857360840e-01
9.837635755538940430e-01
9.555036425590515137e-01
9.151838421821594238e-01
9.647614955902099609e-01
9.895553588867187500e-01
9.662665128707885742e-01
9.970968961715698242e-01
9.793301224708557129e-01
8.528939485549926758e-01
9.710904955863952637e-01
9.808242321014404297e-01
9.971511960029602051e-01
9.962289929389953613e-01
9.965541362762451172e-01
9.704388976097106934e-01
9.699378013610839844e-01
9.933779835700988770e-01
9.636715054512023926e-01
5.628269314765930176e-01
9.261167645454406738e-01
9.887712597846984863e-01
9.927077889442443848e-01
9.923883080482482910e-01
9.997231364250183105e-01
9.622250795364379883e-01
3.471463918685913086e-01
9.975395202636718750e-01
9.858618974685668945e-01
9.980295300483703613e-01
9.994582533836364746e-01
9.976677298545837402e-01
9.969526529312133789e-01
8.616490960121154785e-01
1.885211467742919922e-01
8.715258240699768066e-01
1.809062808752059937e-01
9.794482588768005371e-01
9.381394982337951660e-01
9.832764863967895508e-01
9.792239069938659668e-01
9.006415009498596191e-01
5.841633677482604980e-01
1.015585064888000488e-01
6.837922930717468262e-01
9.420182108879089355e-01
6.463667154312133789e-01
8.040884733200073242e-01
9.203431010246276855e-01
6.275740861892700195e-01
5.753071308135986328e-01
8.877150416374206543e-01
9.774033427238464355e-01
9.802123308181762695e-01
8.998856544494628906e-01
9.148328900337219238e-01
2.134733833372592926e-02
2.256411761045455933e-01
5.414118058979511261e-03
9.535431861877441406e-02
1.754766330122947693e-03
5.020592827349901199e-03
1.646520644426345825e-01
2.120052278041839600e-02
2.241734974086284637e-02
2.024137228727340698e-02
1.311738789081573486e-01
4.176571499556303024e-03
8.172466419637203217e-03
6.663979729637503624e-04
3.251494467258453369e-02
3.467954322695732117e-02
2.161399573087692261e-01
6.072670817375183105e-01
4.790170583873987198e-03
3.534479765221476555e-03
8.115925826132297516e-03
7.030522078275680542e-02
1.590429223142564297e-03
1.691667828708887100e-03
6.698308885097503662e-02
1.961506307125091553e-01
2.017645398154854774e-03
2.401641570031642914e-03
9.592884220182895660e-03
9.127127379179000854e-02
7.511619012802839279e-03
2.664000727236270905e-03
1.045269798487424850e-02
2.505360729992389679e-02
1.586877368390560150e-02
4.320928361266851425e-03
3.811230417340993881e-03
4.429033957421779633e-03
3.070387057960033417e-03
2.124511171132326126e-03
7.484416477382183075e-03
9.213265031576156616e-02
3.262882120907306671e-03
8.536835666745901108e-04
5.949150770902633667e-03
1.025500707328319550e-02
1.094065420329570770e-02
1.416820217855274677e-03
2.417419701814651489e-01
8.409433998167514801e-03
1.167777739465236664e-02
1.412955694831907749e-03
4.172438755631446838e-03
4.125903826206922531e-03
5.115374224260449409e-04
3.666640073060989380e-02
4.625712335109710693e-02
1.074209576472640038e-03
1.436526924371719360e-01
1.346323490142822266e-01
1.400620327331125736e-03
1.457566022872924805e-02
6.283849012106657028e-03
4.578651115298271179e-02
6.000273674726486206e-02
1.795529201626777649e-02
1.965647377073764801e-02
2.210180908441543579e-01
5.951103195548057556e-02
2.212057076394557953e-02
5.630194768309593201e-02
5.381938070058822632e-02
5.285789724439382553e-03
2.592840045690536499e-02
1.009349711239337921e-02
3.396954014897346497e-02
2.263735979795455933e-03
3.136312961578369141e-02
5.437173321843147278e-02
1.198608893901109695e-02
7.807300984859466553e-02
8.114811778068542480e-02
8.716756105422973633e-02
1.478111892938613892e-01
3.231627643108367920e-01
3.192591667175292969e-02
2.084762556478381157e-03
1.457131747156381607e-02
9.519784152507781982e-02
2.168868109583854675e-02
2.098831683397293091e-01
1.413641590625047684e-02
5.991855170577764511e-03
7.900357246398925781e-02
1.089624986052513123e-01
7.692055702209472656e-01
1.970520168542861938e-01
4.061692953109741211e-01
2.479258226230740547e-03
1.337020564824342728e-02
1.225605607032775879e-02
3.921117167919874191e-03
4.993373453617095947e-01
1.100652664899826050e-01
3.542605787515640259e-02
3.985089436173439026e-02
4.828788340091705322e-02
1.258103922009468079e-02
4.781803861260414124e-02
3.479085117578506470e-02
6.869760900735855103e-02
1.311253607273101807e-01
1.897212304174900055e-02
2.183229476213455200e-02
5.438148602843284607e-02
2.877398952841758728e-02
8.740312606096267700e-02
3.458586707711219788e-02
3.998896852135658264e-02
4.809649661183357239e-02
1.363838911056518555e-01
1.195016950368881226e-01
6.644423305988311768e-02
3.697028383612632751e-02
3.495831415057182312e-02
9.806958585977554321e-02
9.298945218324661255e-02
7.184637337923049927e-02
1.710130833089351654e-02
6.714279763400554657e-03
1.148330513387918472e-02
2.568948641419410706e-02
3.114947117865085602e-02
7.679118309170007706e-03
3.910460323095321655e-02
7.770410925149917603e-02
3.127143904566764832e-02
8.940405212342739105e-03
1.970031484961509705e-02
4.371192678809165955e-02
2.369024418294429779e-02
1.205116696655750275e-02
1.215343177318572998e-02
1.050186809152364731e-02
2.629507146775722504e-02
3.671745071187615395e-03
9.539315104484558105e-02
7.691191975027322769e-03
6.551966071128845215e-03
6.499178241938352585e-03
3.046386409550905228e-03
6.132613494992256165e-02
1.080724876374006271e-02
8.279130794107913971e-03
9.930951893329620361e-02
4.014315828680992126e-02
5.353109911084175110e-02
1.914989319629967213e-03
3.733958350494503975e-03
5.771949291229248047e-01
3.641663491725921631e-02
5.239713191986083984e-01
1.447883248329162598e-02
3.101165406405925751e-02
2.999920770525932312e-02
5.803444385528564453e-01
1.106118336319923401e-01
5.550535395741462708e-02
4.790763258934020996e-01
1.781331375241279602e-02
1.250759512186050415e-01
4.324109256267547607e-01
7.239120453596115112e-02
1.291901990771293640e-02
8.121493458747863770e-02
8.564181625843048096e-02
1.990184374153614044e-02
2.167328074574470520e-02
1.012443527579307556e-01
8.984377980232238770e-02
8.929849416017532349e-02
1.019777171313762665e-02
6.807054858654737473e-03
8.358775079250335693e-02
1.519447118043899536e-01
2.462408244609832764e-01
1.643116027116775513e-01
4.011604562401771545e-02
2.155225258320569992e-03
5.486841127276420593e-02
2.357098162174224854e-01
1.195060927420854568e-02
2.133054286241531372e-02
1.321629155427217484e-02
8.253886550664901733e-02
1.230181287974119186e-02
3.035107627511024475e-02
3.411545976996421814e-02
9.086208418011665344e-03
2.407222986221313477e-01
1.448293775320053101e-01
4.164192676544189453e-01
4.347054287791252136e-02
8.973028510808944702e-02
7.750397920608520508e-02
4.197018966078758240e-02
1.077530458569526672e-01
6.718757748603820801e-02
6.951855868101119995e-02
1.126274019479751587e-01
2.419569790363311768e-01
2.057048492133617401e-02
3.343350887298583984e-01
7.857601642608642578e-01
9.619333595037460327e-02
1.404206752777099609e-01
7.675856351852416992e-01
2.921735644340515137e-01
1.395216733217239380e-01
1.868745535612106323e-01
2.361147552728652954e-01
2.483102232217788696e-01
7.453492842614650726e-03
7.275963574647903442e-02
6.686791032552719116e-02
9.749863743782043457e-01
4.648280441761016846e-01
2.820114493370056152e-01
9.044024348258972168e-02
3.479431271553039551e-01
9.687313437461853027e-01
1.068427879363298416e-02
1.191940158605575562e-01
2.375356256961822510e-01
2.112546116113662720e-01
1.134982928633689880e-01
3.935107216238975525e-02
5.348024144768714905e-02
4.692216590046882629e-02
4.012741148471832275e-01
1.888200491666793823e-01
6.912916433066129684e-03
1.424558833241462708e-02
4.853486549109220505e-03
1.735774725675582886e-01
4.654305875301361084e-01
1.066711917519569397e-01
1.689949780702590942e-01
3.730936348438262939e-02
2.150840498507022858e-02
7.861153036355972290e-02
3.370432853698730469e-01
7.641501426696777344e-01
3.207652270793914795e-02
7.019288092851638794e-02
1.432997584342956543e-01
7.451202273368835449e-01
4.339889585971832275e-01
1.017277538776397705e-01
1.708310693502426147e-01
1.778790205717086792e-01
1.839683018624782562e-02
2.447125613689422607e-01
5.692866444587707520e-01
4.689593017101287842e-01
9.909177199006080627e-03
2.098975032567977905e-01
1.055501587688922882e-02
1.823660545051097870e-02
8.561094850301742554e-02
6.667697429656982422e-02
2.692760229110717773e-01
2.691875100135803223e-01
3.470394909381866455e-01
3.882280588150024414e-01
1.725671812891960144e-03
3.080647438764572144e-02
2.509920857846736908e-02
4.894199781119823456e-03
7.021379470825195312e-02
5.151240229606628418e-01
8.843684941530227661e-02
2.867002785205841064e-02
4.031202495098114014e-01
6.404974497854709625e-03
7.435132749378681183e-03
7.111368700861930847e-03
1.810222119092941284e-01
5.421065725386142731e-03
1.467952430248260498e-01
5.424905102699995041e-03
6.582888960838317871e-02
2.424820885062217712e-02
2.200019545853137970e-02
8.224585093557834625e-03
2.060795575380325317e-02
5.545418709516525269e-03
1.343847904354333878e-02
8.032629266381263733e-03
2.946079075336456299e-01
2.050720900297164917e-02
1.191943418234586716e-02
8.129043877124786377e-02
1.279712766408920288e-01
1.289234012365341187e-01
3.030870482325553894e-02
2.685210667550563812e-02
4.983923137187957764e-01
3.699979186058044434e-01
1.277672685682773590e-02
2.713263034820556641e-02
1.130055040121078491e-01
7.331308126449584961e-01
7.433639764785766602e-01
3.525610566139221191e-01
6.892944574356079102e-01
9.671773016452789307e-02
6.478216648101806641e-01
4.555253982543945312e-01
5.749472603201866150e-02
9.225417971611022949e-01
7.504741102457046509e-02
2.126521058380603790e-02
8.865373581647872925e-02
3.448549509048461914e-01
9.131074696779251099e-02
6.436038017272949219e-01
4.276137650012969971e-01
1.307127177715301514e-01
1.010535378009080887e-02
1.191823370754718781e-02
3.519529476761817932e-02
3.998699784278869629e-02
1.507585644721984863e-01
2.458737231791019440e-02
8.493171632289886475e-02
7.449267059564590454e-02
9.214296936988830566e-02
1.141723524779081345e-02
1.652963012456893921e-01
1.852011121809482574e-02
1.554852444678544998e-02
1.068772226572036743e-01
1.468455642461776733e-01
3.771708533167839050e-02
6.986647844314575195e-02
2.046618238091468811e-02
2.237007208168506622e-02
5.468206480145454407e-02
1.545591093599796295e-02
2.052297070622444153e-02
8.306090533733367920e-02
1.707233372144401073e-03
1.986560225486755371e-02
3.411564975976943970e-02
1.390004158020019531e-01
6.994295865297317505e-02
1.760381739586591721e-03
8.278402499854564667e-03
3.661064505577087402e-01
1.954733580350875854e-02
5.404402967542409897e-03
1.000804640352725983e-02
3.095422685146331787e-02
4.350313544273376465e-01
5.913332104682922363e-02
3.947207927703857422e-01
7.112465053796768188e-02
5.042377486824989319e-02
4.307139292359352112e-02
1.043520048260688782e-01
1.850843429565429688e-01
4.122373089194297791e-02
8.715264499187469482e-03
1.377144735306501389e-02
1.977574825286865234e-02
4.818820953369140625e-02
1.609594933688640594e-02
3.608079254627227783e-02
3.234937787055969238e-02
2.563383243978023529e-02
1.257323380559682846e-02
1.223226170986890793e-02
1.252829842269420624e-02
3.866126388311386108e-02
1.198848336935043335e-02
5.981834232807159424e-02
1.148021370172500610e-01
8.326964080333709717e-02
3.862232342362403870e-02
1.425671428442001343e-01
2.383593656122684479e-02
8.021807298064231873e-03
2.543473243713378906e-02
3.411045297980308533e-02
8.439982309937477112e-03
1.652005501091480255e-02
1.446177810430526733e-02
1.828280463814735413e-02
5.111883208155632019e-02
2.327452180907130241e-03
1.505382359027862549e-02
4.543643444776535034e-03
1.060271356254816055e-02
1.277058105915784836e-02
2.762028761208057404e-02
1.995349675416946411e-02
3.325520548969507217e-03
3.004156984388828278e-02
4.978801906108856201e-01
7.207592129707336426e-01
2.155213356018066406e-01
9.212144017219543457e-01
7.438764572143554688e-01
2.229008227586746216e-01
3.335919976234436035e-01
3.286162316799163818e-01
6.946962326765060425e-03
1.588618382811546326e-02
7.389690261334180832e-03
1.093767303973436356e-02
1.307074725627899170e-02
3.406215226277709007e-03
1.363392770290374756e-01
4.374832846224308014e-03
4.274857938289642334e-01
7.156990468502044678e-02
6.909787654876708984e-02
1.363671384751796722e-03
4.970007017254829407e-02
5.608408711850643158e-03
9.388125617988407612e-04
4.809880629181861877e-03
2.714256197214126587e-02
4.812512546777725220e-03
6.800737977027893066e-02
1.184497401118278503e-02
8.283892646431922913e-03
4.759837407618761063e-03
3.864023461937904358e-02
7.433651946485042572e-03
1.996830571442842484e-03
1.867404580116271973e-02
1.510553807020187378e-02
1.823837682604789734e-02
5.958678200840950012e-03
1.275006681680679321e-02
9.951641783118247986e-03
4.398930445313453674e-02
3.541338955983519554e-03
5.425054579973220825e-03
5.651676096022129059e-03
6.460221111774444580e-02
5.996528267860412598e-02
3.551920875906944275e-02
9.402740001678466797e-02
3.864090191200375557e-03
4.648518562316894531e-02
2.365659736096858978e-02
5.307166371494531631e-03
1.164006255567073822e-02
4.600466229021549225e-03
6.884113419800996780e-03
1.961399242281913757e-02
7.217714097350835800e-03
2.663240022957324982e-02
2.111731655895709991e-02
1.438022777438163757e-02
2.016435936093330383e-02
5.069830920547246933e-03
5.117395147681236267e-02
4.898133128881454468e-02
8.132833987474441528e-02
1.346258819103240967e-02
4.597022011876106262e-02
3.524726256728172302e-03
1.778613179922103882e-01
1.753566227853298187e-02
1.608222126960754395e-01
2.271808832883834839e-01
1.317182648926973343e-02
1.769614405930042267e-02
8.431646972894668579e-03
3.239498659968376160e-02
1.534171029925346375e-02
7.626113016158342361e-03
6.991379894316196442e-03
5.657370761036872864e-02
3.055201172828674316e-01
6.265910714864730835e-02
5.385045707225799561e-02
7.059904187917709351e-02
3.749015042558312416e-03
1.587822139263153076e-01
2.102740667760372162e-02
1.909677498042583466e-02
3.615639731287956238e-02
1.478308229707181454e-03
7.783621549606323242e-03
6.527900099754333496e-01
8.518622256815433502e-03
2.058780565857887268e-02
2.394964843988418579e-01
1.324091479182243347e-02
2.576274611055850983e-02
8.988226763904094696e-03
2.900041453540325165e-02
5.690222140401601791e-03
4.385576024651527405e-02
5.690222140401601791e-03
4.385576024651527405e-02
2.285332083702087402e-01
4.902289714664220810e-03
7.878498872742056847e-04
7.378212641924619675e-03
8.089233189821243286e-03
2.608296275138854980e-02
4.292294383049011230e-02
1.848301887512207031e-01
2.711353898048400879e-01
1.586006022989749908e-02
1.234639510512351990e-01
4.436515271663665771e-03
2.855239901691675186e-03
1.937889494001865387e-03
2.419642638415098190e-03
1.133673707954585552e-03
2.080225571990013123e-02
5.402460694313049316e-03
5.376916378736495972e-02
2.502419054508209229e-01
1.282329671084880829e-02
2.859679050743579865e-02
2.607868798077106476e-02
1.595722734928131104e-01
4.702807962894439697e-02
2.018885910511016846e-01
1.258097309619188309e-02
5.299568921327590942e-02
3.068029694259166718e-02
8.667581714689731598e-03
9.527451358735561371e-03
1.335276104509830475e-02
5.086862016469240189e-03
5.116772837936878204e-03
1.561374776065349579e-02
1.807345002889633179e-01
1.335276104509830475e-02
1.807345002889633179e-01
1.964903026819229126e-01
2.030871957540512085e-01
6.672295928001403809e-01
4.381438195705413818e-01
8.745424747467041016e-01
8.175054192543029785e-01
9.320195913314819336e-01
4.712813720107078552e-02
7.970838546752929688e-01
1.546372771263122559e-01
4.378162622451782227e-01
6.688283681869506836e-01
9.010249376296997070e-02
2.830132842063903809e-01
2.523177862167358398e-01
3.410433828830718994e-01
4.823799133300781250e-01
6.473504304885864258e-01
4.508753120899200439e-01
6.931257247924804688e-01
2.086453735828399658e-01
8.295021653175354004e-01
9.533643126487731934e-01
2.911676466464996338e-01
7.065285444259643555e-01
3.334456384181976318e-01
9.200652241706848145e-01
9.493890404701232910e-01
4.348168373107910156e-01
4.528298676013946533e-01
1.057981029152870178e-01
5.931017398834228516e-01
9.486779570579528809e-01
1.089282408356666565e-01
5.186957120895385742e-01
2.846420407295227051e-01
4.703467786312103271e-01
9.271022081375122070e-01
6.665374040603637695e-01
9.358524531126022339e-02
7.487197518348693848e-01
3.258753716945648193e-01
2.534882724285125732e-01
3.852169811725616455e-01
2.672367691993713379e-01
3.290299475193023682e-01
9.571474790573120117e-01
5.159507393836975098e-01
5.887127518653869629e-01
6.734198927879333496e-01
8.965643048286437988e-01
5.734623968601226807e-02
7.986442446708679199e-01
8.747422099113464355e-01
8.291606903076171875e-01
6.045265197753906250e-01
9.486959874629974365e-02
2.541416585445404053e-01
3.462716042995452881e-01
6.841322779655456543e-01
7.486225366592407227e-01
2.930383682250976562e-01
2.705847024917602539e-01
4.179717898368835449e-01
7.079317569732666016e-01
2.944873273372650146e-01
8.436759114265441895e-01
4.178004860877990723e-01
4.004516601562500000e-01
7.098503112792968750e-01
3.477775454521179199e-01
7.072198390960693359e-01
7.858266830444335938e-01
3.542980849742889404e-01
1.380036026239395142e-02
3.816055357456207275e-01
6.986767649650573730e-01
4.339468479156494141e-01
7.673359513282775879e-01
2.045872807502746582e-02
9.714602828025817871e-01
3.151524960994720459e-01
1.342166364192962646e-01
2.930113375186920166e-01
8.011422753334045410e-01
6.036736965179443359e-01
1.550470143556594849e-01
7.238626480102539062e-01
8.912497758865356445e-01
4.952255785465240479e-01
9.302165508270263672e-01
2.498970180749893188e-01
4.122647643089294434e-01
6.662017107009887695e-01
6.774690747261047363e-01
9.667685031890869141e-01
7.063889503479003906e-01
6.097531318664550781e-01
9.344181418418884277e-01
7.088096141815185547e-01
1.222843304276466370e-01
6.326835155487060547e-01
3.884041607379913330e-01
