9.713693798989392336e-01
6.528640700571681776e-01
7.794496655383058581e-01
8.191482332714398185e-01
9.004245786420304043e-01
4.566947507048230714e-01
9.071936353645341233e-01
6.567291263074620522e-01
8.982825560071621140e-01
9.127559966200662345e-01
9.257946602485427334e-01
8.593398900459136014e-01
8.295759269827320814e-01
5.507441844418100585e-01
5.034604092617998017e-01
8.049815708158809535e-01
8.419202751358229042e-01
8.262228437431766714e-01
7.216161912811847046e-01
7.689552335124315574e-01
8.727364470130053453e-01
8.521438478718569298e-01
7.948715172851059663e-01
7.766856209251236098e-01
9.560977648809800833e-01
8.610913367125057061e-01
8.183292664936134830e-01
9.336494819618468277e-01
7.800901172196201827e-01
8.075572950601253019e-01
9.076284309714814924e-01
5.613843854501159303e-01
9.384882227313722236e-01
7.906817910830414853e-01
8.148502889719796416e-01
8.732570981252189002e-01
8.174348317033853784e-01
7.665807097841936812e-01
7.901431418393939365e-01
4.780095365905790983e-01
7.999970245471994534e-01
7.782692687007203292e-01
7.418156594354314848e-01
8.837763000660308066e-01
7.552905617424302553e-01
9.075184135979635913e-01
6.668732806431919569e-01
9.160531962774794978e-01
8.853331662987917738e-01
9.443938064716395075e-01
9.719039108710069153e-01
9.438962436945624868e-01
8.825148144934557015e-01
9.479651751166470186e-01
2.334120425095218276e-01
9.427704288664474630e-01
8.925137212675555709e-01
9.146967465556010701e-01
9.766016895819020771e-01
8.137307104755688858e-01
7.266420998070809434e-01
6.113249058765979349e-01
6.034788306366039023e-01
8.070020536271141909e-01
6.666714350723550453e-01
7.669538878168952190e-01
8.855871335563881841e-01
9.158588134772481792e-01
6.534150692080603617e-01
8.742077171194666541e-01
7.382229771220485404e-01
7.766779444080370576e-01
9.605169641048584284e-01
7.221687165765330318e-01
7.312723069888433791e-01
6.622468237173124717e-01
5.892690972606381417e-01
4.798662421176470572e-01
2.240319027363935345e-01
1.564530100175637040e-01
8.795248970112121700e-01
5.714359089762035548e-01
5.477224594756054943e-01
9.665444964323970378e-01
6.921364970320136312e-01
7.931984287715373450e-01
8.917453748928261259e-01
4.407182135457019534e-01
1.703537138073334400e-01
3.749180820012631421e-01
7.424867937786630012e-01
7.138099818214165282e-01
3.307514666471100817e-01
5.643160672846336823e-01
7.451474766309978959e-01
5.442256911896811156e-01
2.165574965206936986e-01
8.416115125474662451e-01
8.859442869831102296e-01
1.483808695521741383e-01
7.060708644957739422e-01
3.027763779816763923e-02
3.710372539430134564e-01
3.323256003374674972e-02
5.181465130105881306e-02
3.457664828472025581e-02
4.663929210555648602e-02
3.159238039181232888e-02
2.906172867974361751e-02
4.919161769910441323e-02
3.655673549735381084e-02
4.332209312884969382e-02
4.616377959605812153e-02
1.994827901253568569e-01
6.806399460149163694e-02
3.678908911545976657e-01
2.487830001351777343e-01
7.194282315149161389e-02
1.433191792267448639e-01
2.875862998057335598e-02
2.865396412045892807e-02
2.812281794081601949e-01
3.612169320781394855e-01
2.550102911143100823e-02
3.336148836749967816e-02
5.959417066328818319e-02
2.587335043128995427e-01
3.068701924593659688e-02
2.301555743305383483e-02
3.367459588917740693e-02
5.569812391931693030e-02
6.071895997842186726e-02
2.054547908388656627e-02
2.245612688520351799e-02
2.608740910123609133e-02
2.403848446334677647e-02
2.870281650985690228e-02
2.975954441595883571e-02
2.156848564373180233e-02
2.354888731543367322e-02
1.451123609997687254e-02
2.036608516660134288e-02
9.637193543833232068e-02
2.717794230638240563e-02
4.787458197812657912e-02
1.971582835562768476e-02
2.594167003459232554e-02
2.789655976412049043e-02
3.752096334111536952e-02
1.542069337942097718e-01
3.142840358278813084e-02
3.693951215477270233e-02
2.595093315118261745e-02
2.324181178391704350e-02
1.838801299977750256e-02
2.846458832954484527e-02
4.409876026909354679e-02
2.626322991021056152e-01
8.801479783706615823e-02
1.842819828428949591e-01
2.433157836512113981e-01
3.274486370723685841e-02
6.216667132067715124e-02
5.402082615941361521e-02
5.622601853946061767e-02
4.615760608128714054e-02
3.378340456491707444e-02
9.091023375631633596e-02
1.258927487130545586e-01
6.458607208835399904e-02
7.133206461937731391e-02
1.027742729896540252e-01
6.904747402347048701e-02
1.063753528976077722e-01
4.718650652827614811e-02
3.455322702760841441e-02
3.017954216534853365e-02
3.494829759966425198e-02
3.981299386745880409e-02
4.584460674780202472e-02
1.351532915206962171e-01
2.758254382215791223e-02
3.240088030689149967e-01
6.503038469460044324e-02
9.949248750954527154e-02
9.777535007052648441e-02
1.262724550132040546e-01
1.706492656632587757e-01
9.030402303899025263e-02
2.096528702016890455e-01
1.501519059139167223e-01
2.794908810214791206e-01
1.587939500634145407e-01
8.676132246279380511e-02
1.275618409592490510e-01
2.504215930638366006e-01
5.587737337561534678e-01
1.128753323916075746e-01
1.265957484055343640e-01
3.573287743962722668e-02
1.176864861710163190e-01
4.060314278461069071e-02
4.807311167970453047e-02
1.387886029527335696e-01
2.357873377097927936e-01
2.377048942485977812e-02
2.860483762904934488e-02
6.046640583517055162e-02
2.841794446454770640e-02
2.537609314996302698e-02
3.333482749006783097e-02
2.920749012393217270e-02
4.534230940767647322e-02
2.910199931925407449e-02
3.024785811070196395e-02
4.940435900970780586e-02
4.491186904039993349e-02
2.734482123754968658e-02
4.053959803407445467e-02
4.890600736787776431e-02
3.553652639347311404e-02
6.377432980074901336e-02
5.472230482305232013e-02
3.998571982158776600e-02
2.796246511811971772e-02
3.315655126282679444e-02
2.589954409855834694e-01
2.066063935955674835e-01
2.932776188198703976e-02
3.954145941115438934e-02
3.787822741732632670e-02
3.697965966366995039e-02
5.090991292972426446e-02
3.428289469339254603e-02
4.929760818853612392e-02
1.692028854544797289e-01
2.946626371392172539e-01
4.669646354590938075e-02
3.969357644356796139e-02
2.773460879129459322e-02
3.318409957255268744e-02
3.756843336692093638e-02
4.803276013660562338e-02
2.940556218125951748e-02
2.781780138091511853e-02
7.949217242691078433e-02
4.438380860566128183e-02
9.701551571366277826e-02
3.051728535577985513e-02
3.735598503531870757e-02
4.022989652323788468e-02
2.781130275515902861e-02
3.906195518389266735e-02
4.883950197286108380e-02
1.204624572962245538e-01
6.100235102368313511e-02
4.156925919791455704e-02
3.977430316374915703e-02
1.246355550848631116e-01
4.539917770448433088e-02
1.791607495364754554e-01
5.506587154895660474e-02
2.107900606774062435e-01
8.467450121571981625e-02
7.543403439096629803e-02
6.665985918688336342e-01
2.795490934674698669e-01
1.704589198580896137e-01
4.610640807558633730e-02
3.655960044665027553e-01
8.084356166058603854e-02
1.108352205313045818e-01
4.281651838327806270e-01
2.648776365381877995e-01
8.652086173318140894e-02
1.533640492604432248e-01
9.699611349896558599e-02
3.755913478335591582e-02
5.845645557787474550e-02
4.594244466412362171e-01
5.680764089467960076e-02
5.766331420637493821e-02
1.095929812063488884e-01
7.880722541862505981e-02
7.463793792424339157e-02
2.578099885094167765e-01
2.840304452609596075e-01
7.771416984232837333e-02
1.339539694193180863e-01
3.465448855962589142e-02
7.859497216020819299e-02
1.596567681569574793e-01
4.877627634332734607e-02
5.271414164874465430e-02
4.323283455150246646e-02
4.396712093130246413e-02
4.607971155180561745e-02
8.514495842774928713e-02
4.320132525549764263e-02
2.450002026917227071e-01
1.624078293950804996e-01
1.680494685109580333e-01
4.767702626770549401e-02
3.535975274718789613e-02
9.512695011989572014e-02
5.770617386542806204e-02
1.075790818224022227e-01
8.312040146027639687e-02
8.461831955113659209e-02
1.216924339600919530e-01
1.514238806095160039e-01
9.407841506810747656e-02
5.647084775205768459e-02
1.197607676514262920e-01
5.272770346449582313e-01
4.269143450818756874e-02
6.523861385615010999e-02
2.125193933958583470e-01
1.594035743641687430e-01
4.227753350344926608e-01
9.532754342679906900e-02
6.388973327710713301e-02
2.391784718025370682e-01
1.636826217167602904e-01
5.515553522607869602e-02
5.517622857267942549e-02
6.225536132469331463e-01
8.294959237403196073e-02
4.319987647007979270e-02
5.722161994261117796e-02
1.926637810535289930e-01
6.617427935867508104e-01
5.120965181914169384e-02
1.212478687042618103e-01
2.431584778403953276e-02
2.839003867507052248e-01
3.109444360177739952e-01
1.186216227528855693e-01
4.828488939394399992e-02
3.750262964329197091e-02
1.516580219904826166e-01
3.578143410875198049e-02
1.332691078289449382e-01
9.817933372290116312e-02
7.134580482372909760e-02
1.036367077641840301e-01
1.496805369380436734e-01
1.382385362779984528e-01
1.678724940322331716e-01
1.973494418530418737e-01
2.608138818045321328e-01
5.262394537664019656e-02
1.396567343762944169e-01
3.367834135350782354e-01
1.029202194961819222e-01
1.623007171747760657e-01
2.407502275739824282e-01
4.533469392409432142e-01
1.438120388764958790e-01
1.682118928016864690e-01
1.793240120108451907e-01
5.909074361705616424e-02
2.803320484264245627e-01
6.048270540269041762e-01
9.953471250506773504e-02
2.589008621687394207e-01
4.242221761372275135e-02
1.374109203426938652e-01
2.380542436467166997e-02
3.875827272979291693e-02
5.780749234443910423e-02
4.543507834718948923e-02
1.310752031502769865e-01
7.807353062825612977e-02
1.014834184145035345e-01
1.182493708061378018e-01
3.081774884329400999e-02
7.253839915586227094e-02
8.451245249289635053e-02
2.427057847167081173e-01
1.271984957578403408e-01
1.941900366897193198e-01
5.149301233748956874e-02
2.139873286235724481e-02
1.495156635358582953e-01
2.018426270586648127e-02
9.484342426788172631e-02
5.297946324300143589e-02
1.382500734214874571e-01
2.597435539716159286e-02
5.918561974395283865e-02
2.291034156198881386e-02
2.719828433673937909e-02
4.450878259963047395e-02
3.029828806997972648e-02
2.648283799072538927e-02
2.196193841518723558e-02
2.758329261245381220e-02
2.589491373334078944e-02
2.320415306753266863e-02
2.410113754640482928e-02
2.263705294143349839e-02
2.656983800795137060e-02
7.586563213268845973e-02
1.765532996573413727e-01
5.764492180374791719e-02
2.913605588026635385e-02
3.743182261807714850e-02
4.367453620462842523e-02
7.333665498307609387e-02
2.365853957902990315e-02
2.486557673617678307e-02
7.799631030180338709e-02
5.166905339490752702e-01
9.390605937209027532e-02
8.164646520567071797e-02
1.490113666755437105e-01
6.423921894692319334e-02
7.239069779643775293e-02
7.883331244546065708e-02
2.203029834131335352e-01
2.069368350125956324e-01
7.148185634299424052e-02
2.698565820726098186e-02
2.030228521526103794e-02
1.449683187340931878e-01
7.873435272851261879e-02
6.422568759226987556e-02
1.038447913653347543e-01
2.667516546816470213e-02
3.182710330186285658e-02
2.557189588707878963e-02
3.715685114169749170e-02
2.417383130014294501e-02
1.096529998143824791e-01
7.929771741219142356e-02
6.957629547843258155e-02
3.994115420312373960e-02
5.042973019428731440e-02
2.163758903784852861e-02
6.293478724061914165e-02
2.613167235166908436e-02
5.804764998514176655e-02
6.993745236961061706e-02
1.191632290633108104e-01
1.801643233829469393e-01
1.057294236817953453e-01
4.970040671277038691e-02
5.817112154336854385e-02
5.724422421164011149e-02
4.375776190158242596e-02
7.984606702669543032e-02
6.647810695739173048e-02
9.542825753077781303e-02
1.167035403462532844e-01
4.303734188463216592e-02
3.582974338605590670e-02
1.477529788702486024e-01
8.361002644787757232e-02
1.009063106861516762e-01
3.267168489392286990e-01
2.417740525265344165e-01
1.174981970348450699e-01
1.093275441026730771e-01
2.144808245080325471e-01
6.698259805164714920e-02
2.078131382984389763e-01
1.581137261190748988e-01
5.634515447985397052e-02
4.446144659980025282e-02
4.857447379382828084e-02
8.486489128854821096e-02
7.248701048804452596e-02
5.774164959873425568e-02
4.299428465524855053e-02
6.784967826959818760e-02
4.325629060114088986e-02
8.542100665168383955e-02
6.141285240061751527e-02
5.536187782326432855e-02
5.570863472787680043e-02
4.434016510006619227e-02
3.867591811671483581e-02
5.469688852815263874e-02
5.491204089328241000e-01
5.124402281921294766e-02
5.646696133265509399e-02
4.188077501417093035e-02
1.225398776454672822e-01
6.025868035641589876e-02
7.405179959313656912e-02
1.369701128318108752e-01
5.308738081139383058e-02
5.499727157777073439e-02
6.746459780792300742e-02
6.734222798569686197e-02
1.103216550604983887e-01
9.713025673042587071e-02
7.506202279386441079e-02
2.629665857769689433e-02
6.123927631109423592e-02
2.824588348443763178e-02
3.053871574159752397e-02
4.447527349780541067e-02
3.236733087991210817e-02
3.093729339752481974e-02
4.318006242845024573e-02
3.653259994243004960e-02
2.311497332568900748e-02
2.343436069931556509e-02
7.514718897165035827e-01
7.933414649353095482e-01
5.586897397419131606e-01
7.052025896074307632e-01
3.009436489779061530e-01
2.062074058196027293e-01
2.282223059327350145e-01
1.507111187926449269e-01
2.255945281210037026e-02
4.718213269020895412e-02
2.859767286088001764e-02
2.500636501199884551e-02
2.097558255082844492e-02
3.289131983660487785e-02
1.940877224026707204e-01
9.734236993713633879e-02
8.291463226882668514e-02
9.451373346805559683e-02
9.624969169745255237e-02
4.443336668807731926e-02
3.336576435123454060e-02
2.919601045177614221e-02
2.256162351702234448e-02
2.590385167420380594e-02
5.824772436497083899e-02
3.089281573866778374e-02
1.131228106968987512e-01
5.086352092083027548e-02
1.927820852917176350e-02
3.168250203587244518e-02
8.305960371915294127e-02
3.161678160450969582e-02
2.236222116747200311e-02
8.707754879144956328e-02
2.563492257518787745e-02
1.982314311729482109e-02
6.491750657083469878e-02
2.503929343924931120e-02
4.900591337223735716e-02
3.921055375124877368e-02
3.282171067816790772e-02
3.581592393433574023e-02
2.927223308533718343e-02
4.428034432197369696e-02
1.236957298515912185e-01
5.997273082866240446e-02
5.334453360161883068e-02
2.933521512722363569e-02
3.270819919056739550e-02
3.755266213498396205e-02
7.674776991976285656e-02
9.838363232690310045e-02
5.819299026468815333e-02
3.766157025404865549e-02
4.915979182700457722e-02
1.246676290999643583e-01
3.768481290999254468e-02
2.234007881311087518e-01
1.407142694191075849e-01
7.653470708710383152e-02
7.205476287317762185e-02
2.705610738388030193e-02
3.448425553477405675e-02
3.237244713825154080e-02
3.695664019162911429e-02
2.174526547235365592e-01
1.145278381867881889e-01
1.566094751199782753e-01
5.218160529937579395e-02
1.992949139594932945e-02
7.197279251547505918e-01
4.869494468404449161e-02
3.517542829731062221e-02
2.049670962225845841e-02
3.108268884040123539e-02
5.443221015404574314e-02
5.790135847669668212e-02
8.835723159317734887e-02
1.070814023144245758e-01
7.572908243154129193e-02
5.518566036790510665e-02
4.459657927986827169e-02
1.194758937681629218e-01
2.786496148828555147e-02
1.588990947196513293e-01
1.410085366849110622e-01
8.783262467831591536e-02
5.347408467008855915e-02
2.877038076656848048e-02
3.103337587818680299e-02
4.729458018474783643e-01
6.198029506393024080e-02
2.704116328661581581e-01
1.690431072207772834e-01
3.353229531992160117e-01
1.771088273019354176e-01
3.779002065281268363e-01
2.767151085328756199e-01
4.027651849426288622e-01
4.767251876216376805e-01
4.027651849426288622e-01
4.767251876216376805e-01
1.082797825267581976e-01
1.413096167801935477e-01
2.351942651300708426e-02
2.270777584252925418e-01
1.750829517463947382e-01
9.149516166594810762e-02
1.401787286276354183e-01
1.534212245696414956e-01
1.530594937156005975e-01
1.375973568525308000e-01
6.973348510212339091e-02
8.028263564599982804e-02
8.147488614739055446e-02
1.308785043112822843e-01
1.133361835560738606e-01
1.200004234328906072e-01
5.827913331398432151e-02
7.704239199252159442e-02
2.344963786521114257e-01
6.130100789660961613e-01
7.665230956370196191e-02
1.509457103395499822e-01
4.764697355727832290e-02
1.166543725837482365e-01
1.072637511931396337e-01
6.036883997569733040e-01
7.361376236784794580e-02
1.344392149934310887e-01
5.376463787273080275e-01
1.149041778475980297e-01
4.289748107045492365e-01
2.243788035709700368e-01
1.883646507660819702e-01
2.114047360805187126e-01
2.447503141289063822e-01
2.844087236222230253e-01
2.243788035709700368e-01
2.844087236222230253e-01
3.186384110439939299e-01
8.104105280038952086e-02
1.815686148885862494e-01
3.634160171928199623e-01
8.052081905757394464e-01
1.870556023284549174e-01
8.023331492116360097e-01
1.627672872796611103e-01
5.962810553423937288e-01
3.716594334642479569e-01
4.065916979101111828e-01
5.468348555226610896e-01
4.147902903463993735e-02
3.876131010755899664e-02
3.421672127634293736e-01
1.931640005611205413e-01
2.592856672153266429e-01
1.502474425397127555e-01
5.335729360992220727e-01
7.540810510056427107e-01
1.313494922210033944e-01
7.829628689178499412e-01
5.068088593047603840e-01
3.799280634711060117e-02
5.413023333517992253e-01
3.545672201087429753e-01
7.652102681987094090e-01
7.580000288702261058e-01
5.931986025768679616e-01
1.176020190864841553e-01
1.244269846608726388e-01
7.946988146848181500e-02
8.652402222654226316e-01
2.740493906534630653e-01
6.745115839349948850e-01
4.934028561366961274e-02
4.646656987017556695e-01
6.877334116118584140e-01
1.861518064914250425e-01
6.761038812320202540e-02
6.511452588293337174e-01
3.567270884308624268e-01
9.594836275094259515e-02
3.378601894256217375e-01
2.568620336254207603e-01
2.808751230915988994e-01
7.098428361683136734e-01
1.591685642935572187e-01
6.033199105341708890e-01
1.667688784273808900e-01
7.811084529772899243e-01
5.570799544380408697e-02
1.296477786367445373e-01
7.181030414476018142e-02
7.651164649876277535e-01
9.718597257153703539e-02
4.639625253413140471e-02
1.094419595214126961e-01
1.172400942794726425e-01
4.068767863836338927e-01
7.812316824786010860e-01
5.271525999433521875e-02
5.776757533039997283e-02
7.236382823920093355e-01
5.670353221922033171e-01
3.319019746261368531e-01
7.128572865934077463e-01
7.215568516536361443e-01
7.767496025974816865e-02
2.812331575742320622e-01
6.634657266489013550e-02
6.309425717650798404e-01
7.191718823317577725e-01
6.758130598739218176e-01
8.540422551271401042e-02
2.440889252648527907e-01
7.002972395215926182e-01
4.033724260785126470e-01
5.043982649764881115e-02
3.881611328315873882e-02
7.370980882947962831e-01
2.700766404437435764e-01
9.220833193367390657e-02
2.942483733678080693e-01
8.928662266708140560e-01
1.556636800754613581e-01
6.814123976095302904e-02
5.402630899565911138e-01
7.600938169404413136e-01
2.500631223513578028e-01
8.280255985775732963e-01
5.942086423607045864e-01
5.807167713136406756e-02
2.901004149158904477e-01
4.703728365356983354e-01
2.675798000186922487e-01
5.931282852403709782e-01
1.015313615245041767e-01
3.517913681150994232e-01
6.770769249892206743e-01
1.163843205665602148e-01
3.398760814431223687e-01
1.928524338889171519e-01
