3.303724393775461787e-01
3.200084241957774078e-01
5.686774585481317867e-01
5.706261083307710980e-01
6.405185627056981801e-01
6.089320888163771706e-01
5.267934844730556287e-01
2.415110865594913558e-01
5.560578288392918900e-01
2.220097266830193261e-01
2.541635219021887160e-01
5.610953703599400599e-01
2.735316344782492970e-01
2.797387743655291859e-01
2.589081866906461915e-01
3.538656958108242212e-01
5.700482361924601449e-01
4.750658243035426609e-01
2.924495348135767725e-01
3.109295585250425042e-01
2.871483154181154740e-01
2.258401003585376876e-01
5.208496577742259825e-01
2.297776955496377282e-01
5.742143741938486867e-01
6.448610864997466052e-01
3.716635550665002841e-01
4.820010733933058344e-01
4.944279277198585509e-01
5.168576905674280297e-01
6.595389610012907244e-01
6.184434411372518037e-01
6.477674902405975432e-01
5.267982726128637161e-01
5.346507132995914624e-01
6.487003520835280534e-01
6.148987300904752429e-01
5.096140689266596135e-01
6.866061896096122830e-01
4.024108062891367799e-01
5.523060041740279758e-01
3.727988181619351082e-01
6.008883364036201602e-01
2.550919320550533720e-01
4.359797753831290978e-01
5.341890768064676553e-01
4.127354669566401513e-01
6.292617889555197630e-01
3.407567582878981982e-01
2.946889333205344741e-01
5.039891797660940309e-01
2.449219239378023771e-01
2.588512182072532641e-01
3.413679418460923154e-01
7.363016657897061279e-01
5.051089998040776408e-01
6.528283175567198837e-01
3.739180345887561652e-01
4.749046384721685721e-01
3.005440678003306054e-01
2.087883521104046403e-01
5.028467596844717891e-01
2.709733953682934571e-01
3.695189847634818281e-01
4.259072657208249901e-01
3.857631899987308266e-01
3.629930354014841432e-01
3.168634892016333748e-01
5.444130588546232108e-01
3.688427134772188087e-01
2.755363507611952589e-01
3.477504211240425858e-01
3.907260685259969502e-01
3.284349785543879685e-01
3.367468347756352176e-01
3.646118423920616247e-01
2.149718127530853007e-01
2.636336133225955503e-01
5.612341109627391189e-01
6.432807884249710506e-01
6.512731641354888579e-01
2.511846615336389976e-01
2.544072478531194670e-01
2.770620718239452107e-01
2.606491402170813543e-01
3.336757364749557420e-01
5.834437073758572678e-01
2.620048965911592198e-01
3.186134137139313705e-01
5.273497757248988282e-01
2.470023796724465925e-01
2.401509600643335074e-01
2.423679905399627188e-01
2.418474351149090262e-01
2.581962072529899732e-01
3.260555959166472895e-01
2.731441997015169876e-01
2.887135197109828577e-01
5.873387477673625012e-01
3.549920844385374141e-01
6.487415992279291777e-01
5.937948098214225201e-01
6.710407147499540814e-01
2.885582189797894492e-01
5.062563143953130451e-01
4.263378511093584566e-01
5.342993345342954559e-01
4.859355811246774404e-01
6.474317728453439225e-01
5.368981210137618865e-01
5.673871074027030392e-01
6.256838913876012764e-01
4.739502761919949791e-01
3.834508526553405128e-01
6.568130619890675259e-01
6.158650326437311584e-01
6.544269860425239171e-01
7.124198858688653990e-01
6.654257560178522546e-01
7.117480166330696356e-01
7.083413198472320316e-01
5.797048666933881655e-01
5.665168115172616314e-01
7.102196353695966469e-01
6.161216639253613847e-01
6.098129498083441069e-01
4.007922337210116370e-01
7.028898388545368192e-01
6.112770930135392744e-01
5.088526269743635089e-01
7.320361487670847822e-01
5.920665851393683843e-01
5.228872779819724315e-01
6.457824731251349260e-01
6.956385991133440250e-01
6.895804884001346391e-01
5.850366610641432041e-01
5.295539342810571259e-01
5.782955163892188333e-01
6.891379693083121705e-01
5.785425013969406338e-01
6.023543208859720721e-01
4.289255359046480476e-01
5.772864449983220458e-01
5.491429485626988516e-01
4.011063780618097652e-01
5.374338601267010240e-01
5.597627692837556790e-01
3.778654715797999941e-01
5.776890743452646193e-01
6.374740650444412626e-01
5.109768183335142711e-01
5.778382185821634431e-01
5.613548441366457142e-01
6.066662377185532140e-01
6.253131735146802983e-01
6.403214310351605931e-01
6.696737213636329011e-01
4.796464149600997984e-01
5.764834256503243992e-01
4.349834606417057326e-01
5.219186480413150475e-01
6.318042856400137852e-01
5.666494408432107832e-01
6.297097180851960463e-01
5.929820773753270435e-01
4.101528816902820784e-01
3.718731051955639910e-01
7.198043361619858027e-01
6.544340518032878418e-01
5.311743528013173066e-01
5.718286015565958724e-01
5.778282182580570803e-01
6.196829068833548115e-01
4.260664689269405558e-01
5.639295073070414999e-01
6.149588780129648935e-01
6.136081171924953059e-01
5.344873765392365028e-01
6.762492679673571816e-01
6.792782936409039740e-01
6.478697530192348841e-01
6.238710346445559551e-01
6.654942004275914424e-01
6.804271359636111516e-01
5.306724327171591371e-01
7.065830470093332760e-01
7.071319673801997885e-01
6.646095214018555852e-01
6.636608451457844948e-01
6.826056770814612484e-01
6.439404520688194467e-01
7.197614462908628052e-01
7.198888779461886100e-01
6.472966069223873298e-01
6.684301903352606322e-01
7.079855510817320008e-01
6.084178095413623755e-01
6.101110440958512626e-01
7.189438514635495547e-01
6.286339457543750342e-01
6.548003579947176966e-01
6.665885806509554978e-01
6.841979656523868858e-01
5.606063954088269519e-01
6.335881520033875836e-01
4.222746380855067483e-01
6.143517802936553363e-01
6.188499755959083748e-01
5.946847589731031336e-01
6.365035092826361041e-01
6.172235966136152552e-01
6.320453855724337267e-01
5.976252442732074011e-01
6.276150042887432834e-01
5.774306856270224886e-01
3.772128906959679728e-01
5.944128146051468331e-01
6.945578112493434597e-01
6.665270104594570588e-01
6.183923216011891766e-01
4.969403813869089914e-01
4.398375331851441250e-01
4.879625443625312253e-01
3.142794367453861093e-01
5.127471856419054674e-01
3.775225845272987546e-01
3.566891958041070176e-01
4.399785012303861764e-01
2.764152779521820702e-01
4.250457550741171819e-01
4.258661088445561127e-01
5.526824246597180634e-01
3.555516794389039781e-01
4.369424916837679196e-01
3.588222112068640834e-01
3.947437808492383349e-01
3.222164546937312801e-01
5.211041316666537027e-01
6.074475499580092031e-01
3.217425080807018167e-01
6.246297363676326375e-01
4.405978421903595232e-01
6.011818656984618814e-01
6.208992065910899916e-01
6.287656468452573755e-01
5.878776244976497978e-01
5.553728141931308926e-01
3.584810200585222262e-01
6.259085391576162394e-01
5.573562246568114498e-01
4.204471775609777140e-01
4.722941510688254962e-01
5.667150108261950203e-01
3.738048395500845333e-01
5.131450735789055972e-01
5.499282888704433159e-01
6.509755818403012428e-01
5.269980785663030964e-01
6.240100459622361928e-01
6.455964077062626982e-01
5.777523046949717411e-01
5.887252400486288062e-01
6.900519288148372343e-01
5.340073435630613430e-01
6.796560958310650102e-01
4.245001065457454925e-01
6.045474951148660514e-01
4.709985639442900718e-01
7.224624832676928010e-01
4.851518316835027878e-01
6.794208138990441848e-01
5.269030690441297571e-01
7.002924456015975352e-01
5.056042943428055159e-01
6.492132192756318032e-01
5.328864528370494957e-01
6.813861441787980588e-01
4.040527439054946157e-01
6.189598290743635323e-01
6.599926331528556123e-01
6.544933849559088079e-01
6.373949454400259507e-01
6.918725017465587879e-01
7.341039801003601539e-01
7.499407255076017131e-01
5.947606677414883913e-01
6.996166299787224263e-01
6.467989580599413646e-01
6.142371608199823640e-01
6.241409081835390671e-01
7.553282024301137820e-01
7.230072519141398368e-01
6.424478824048032166e-01
7.219306095522532996e-01
6.633454293039549032e-01
6.449745846621994794e-01
6.740059941846689995e-01
6.841875406199260379e-01
6.961338937587583375e-01
6.037379145391353896e-01
6.556886684537763799e-01
6.335364988840310740e-01
6.522040327105804725e-01
7.428689255107517875e-01
7.043296533500847945e-01
5.673409410494877347e-01
6.731472585400664066e-01
6.302643950532348383e-01
7.586945922042023227e-01
7.280325978491931638e-01
5.620011273772030913e-01
6.257567720551844292e-01
6.413087425048564771e-01
7.503578191829128885e-01
6.599314376333701437e-01
6.756579286953857677e-01
5.868321031271089838e-01
7.415666719124253126e-01
6.750901614703509468e-01
6.372171796318480963e-01
6.512889729361145408e-01
7.671007242392673398e-01
5.552829216875491136e-01
7.165585439772308440e-01
6.454603896223051196e-01
6.404846353714860330e-01
6.807491672695751284e-01
7.450257653900170807e-01
5.022535153776130912e-01
7.558571169193757378e-01
4.565954129793538541e-01
6.228233812996506469e-01
7.243146693910530454e-01
7.432033817655724350e-01
7.108901555209231615e-01
6.914614249025005099e-01
7.740368289824585135e-01
7.085466948132139731e-01
6.775266454613263489e-01
6.413944694408949543e-01
6.844217872965809857e-01
6.664596742169893728e-01
7.261516748541544386e-01
6.755790088714682673e-01
7.161701227909214040e-01
7.215701383440570327e-01
7.603986342986128744e-01
6.645536512627527870e-01
7.292154771228034349e-01
7.096227580250932254e-01
6.870904521485493577e-01
5.869283370027645885e-01
6.437867144959898980e-01
6.500589161145883255e-01
6.788888061280977659e-01
6.882095233630750597e-01
6.203313584903199507e-01
6.928809399922901680e-01
6.922162689350506160e-01
6.909734965699619869e-01
5.896405530053016042e-01
6.864390063450414026e-01
6.639336987916769628e-01
6.499413500055714055e-01
6.821145816451990029e-01
6.653286615595307429e-01
6.472193241795607399e-01
6.951407597569619901e-01
6.796098370145415846e-01
6.818762325329887908e-01
7.099466344604163925e-01
6.853808043488486268e-01
6.202002046979681049e-01
5.258241706267779980e-01
6.715674755484813963e-01
6.618247846478290120e-01
6.820065330208325838e-01
6.359919491851887541e-01
6.565460957513142848e-01
5.541021697564184612e-01
7.096544292289514999e-01
7.074990195968606788e-01
7.406358831909626295e-01
5.438210903380039651e-01
6.176757333563576147e-01
7.529832792931202556e-01
5.964345189332038721e-01
7.340782207995379949e-01
6.585840896508474707e-01
7.442077808492062463e-01
6.360821942329528689e-01
7.743433571875424359e-01
6.757311526774477661e-01
7.842607291919729828e-01
6.972746256622138761e-01
7.048268319557481343e-01
6.642810535787758708e-01
6.941393161830974323e-01
6.353853966588530744e-01
7.108849004620225731e-01
5.529825682386712016e-01
7.062206693105863575e-01
5.661166685034474400e-01
6.498451738278588907e-01
6.693648446745185110e-01
7.020680910516410300e-01
5.446307007563623293e-01
5.976143431772904524e-01
5.961458380871077489e-01
6.739930493937599243e-01
5.816435260427765819e-01
7.017245117353907435e-01
5.834582849705121088e-01
7.147572929546560649e-01
5.898725993505654630e-01
6.352027908589683580e-01
6.632729079137538175e-01
6.214015888264975418e-01
4.741222525485648265e-01
6.720628885875441494e-01
6.438997948024363094e-01
7.161239075902312567e-01
6.378724352467117775e-01
6.597955060395938043e-01
7.200391531240625254e-01
7.255802281257996977e-01
7.015111348965674676e-01
7.214084382590907341e-01
6.818962961039948256e-01
7.650936550151625770e-01
7.190274952785543627e-01
5.529803860449564734e-01
5.968482585670240592e-01
6.814656783000492268e-01
6.683040278230099052e-01
6.861069671269559578e-01
6.215561632667698788e-01
7.131756578616151865e-01
7.716704747580519497e-01
6.338705400391283495e-01
7.067581164876947097e-01
6.993677361823811278e-01
7.397141328517363723e-01
6.132705204758240880e-01
6.453053794736760551e-01
5.809768546007663126e-01
7.299097793944766543e-01
6.344225641091317813e-01
7.438069530528736983e-01
5.332132695081215346e-01
6.965023492067111688e-01
6.583596111208690482e-01
6.368002566317656488e-01
5.493588788391824407e-01
6.627321259551761656e-01
6.558796872123223709e-01
6.040798834853972066e-01
6.444698564813623465e-01
6.150552496720117501e-01
5.276344210111900690e-01
6.858568358832699552e-01
6.130615495415823180e-01
7.032424035860529443e-01
6.348051446221139038e-01
6.798529338176858561e-01
5.029795884551807594e-01
7.361837259992868310e-01
7.205611229300755705e-01
6.526645845759491138e-01
7.122592309696970103e-01
7.562300630304521487e-01
6.910859447643699083e-01
7.609643230607058273e-01
6.978752883122362194e-01
7.175701453542850938e-01
6.947893118225924036e-01
7.328010993605688084e-01
6.295851855238409067e-01
7.624404554924314459e-01
6.467598577350102129e-01
7.316098936961719090e-01
7.486290685196100858e-01
7.327676459931616870e-01
6.581328202867539057e-01
6.674163147741405400e-01
7.069190676014255326e-01
7.059425611741797502e-01
7.373293863981755791e-01
7.525826000058929433e-01
7.054340261251623723e-01
6.733699277247011672e-01
7.138478248751161104e-01
7.047382334877034804e-01
6.349741754234161650e-01
7.470820825017649991e-01
6.187129459640821061e-01
7.808264150384051083e-01
6.442430100867615472e-01
7.161009481538371801e-01
7.888110885175254605e-01
7.554961309073442433e-01
3.850318956956469418e-01
5.809617427134157186e-01
6.043624148538706553e-01
5.529063301231992300e-01
5.666732490676047451e-01
5.567361812267380694e-01
5.215514400599492451e-01
5.567361812267380694e-01
5.215514400599492451e-01
5.806614273632754175e-01
6.884074498503326422e-01
6.970776416690617205e-01
7.358510092313862438e-01
6.625768370774589577e-01
6.779084532918594475e-01
6.013280477830201809e-01
5.859786212461104427e-01
6.080238236259633000e-01
5.647746357679180873e-01
6.980002992517264637e-01
6.303892666942191303e-01
6.772692282456568291e-01
6.521913131370528083e-01
6.587332122027234060e-01
6.518761963946519966e-01
6.843998785511136163e-01
6.447515508017931385e-01
6.045582738358137309e-01
4.303276878548577544e-01
6.983057111395911676e-01
5.363396653644948442e-01
6.309911310493451220e-01
5.461948913174355935e-01
5.956630061442497182e-01
4.214172367140750497e-01
6.929421213542179547e-01
5.974152029181428736e-01
4.914755249970137463e-01
6.733513630818144247e-01
5.665551918486865235e-01
5.730641776337328519e-01
5.955177108741515069e-01
6.263358644910361761e-01
6.137429058920125247e-01
5.397670969297158061e-01
5.730641776337328519e-01
5.397670969297158061e-01
5.350274770191162377e-01
6.439272949094656529e-01
4.063056012748916812e-01
5.161813810958988391e-01
1.681597828535393579e-01
6.597661184461899309e-01
2.138090414361728808e-01
2.987497280105320674e-01
2.807313268718213961e-01
7.004181635145032558e-01
4.702209075511338265e-01
3.175744846330351701e-01
6.120476461896823261e-01
6.469260205293939636e-01
2.730948718182139023e-01
4.881117358628642711e-01
5.792627994479807585e-01
3.106630529793322215e-01
4.130734791247076543e-01
2.276200084978493021e-01
7.087302891587315967e-01
2.481355335694408470e-01
3.845992494805798856e-01
6.149584101824732141e-01
1.951011205396020742e-01
5.212619814283069308e-01
3.327684247414253726e-01
3.255454639069592093e-01
3.296175756516717681e-01
4.430814917225954774e-01
6.285201845766370532e-01
6.760758646541282779e-01
3.739672735711843665e-01
5.323197372606586208e-01
4.483614418153431536e-01
4.567399386445880616e-01
6.380401871614039822e-01
3.470463405948218116e-01
3.907528132333470405e-01
7.194521630464177919e-01
5.952917427099139180e-01
5.879215197341829402e-01
6.891447596457930258e-01
3.566437710538785111e-01
4.418467329599287674e-01
6.135556596114408734e-01
2.763097342233232778e-01
5.217881500332800515e-01
2.931557179368931565e-01
5.364039444881482099e-01
2.247685077634426765e-01
