6.696275608190611628e-01
6.799915759221875078e-01
4.313225412549546722e-01
4.293738914016707042e-01
3.594814369423796063e-01
3.910679112245061262e-01
4.732065156183744570e-01
7.584889137462331732e-01
4.439421714757360582e-01
7.779902734487557092e-01
7.458364783023310185e-01
4.389046297920928819e-01
7.264683658180325354e-01
7.202612255436097177e-01
7.410918135490812686e-01
6.461343042068828924e-01
4.299517636722189895e-01
5.249341755827023892e-01
7.075504652119828375e-01
6.890704416733510751e-01
7.128516848129790029e-01
7.741598996738737748e-01
4.791503419881489312e-01
7.702223045148375302e-01
4.257856257465260086e-01
3.551389131715331771e-01
6.283364449711013044e-01
5.179989265942043231e-01
5.055720723317623788e-01
4.831423093392449020e-01
3.404610387685889639e-01
3.815565588244974049e-01
3.522325096417878165e-01
4.732017274232006576e-01
4.653492862947807840e-01
3.512996476258005152e-01
3.851012697792051132e-01
4.903859312599069264e-01
3.133938102560011596e-01
5.975891935680986977e-01
4.476939958366625838e-01
6.272011817999118000e-01
3.991116636276921259e-01
7.449080679728586896e-01
5.640202245912216972e-01
4.658109232746726058e-01
5.872645331269686908e-01
3.707382108994942138e-01
6.592432420119654912e-01
7.053110667850910342e-01
4.960108204374423790e-01
7.550780759744868398e-01
7.411487820772258983e-01
6.586320582094760123e-01
2.636983340913552909e-01
4.948910000255154484e-01
3.471716824045489869e-01
6.260819656422439428e-01
5.250953615937168362e-01
6.994559324337014106e-01
7.912116481220605735e-01
4.971532404547803208e-01
7.290266047750223466e-01
6.304810154878716100e-01
5.740927343161735807e-01
6.142368100915841511e-01
6.370069647973785054e-01
6.831365110969738197e-01
4.555869408554134026e-01
6.311572865979127034e-01
7.244636493048476344e-01
6.522495790062899923e-01
6.092739315270467859e-01
6.715650214359814019e-01
6.632531653078523881e-01
6.353881578151016063e-01
7.850281875491510464e-01
7.363663869064420719e-01
4.387658890968294534e-01
3.567192114673263803e-01
3.487268357755479165e-01
7.488153385545669449e-01
7.455927521601231067e-01
7.229379282606006596e-01
7.393508598715059499e-01
6.663242636313289058e-01
4.165562925725677101e-01
7.379951035227719780e-01
6.813865864467665290e-01
4.726502242390491770e-01
7.529976203760062603e-01
7.598490399310907639e-01
7.576320095742162808e-01
7.581525646863495060e-01
7.418037926699720952e-01
6.739444042966261650e-01
7.268558003223057895e-01
7.112864804548687525e-01
4.126612521260169530e-01
6.450079156165539063e-01
3.512584006101933110e-01
4.062051900881142319e-01
3.289592850672958257e-01
7.114417810654567464e-01
4.937436856729177648e-01
5.736621488667069668e-01
4.657006654550909786e-01
5.140644187036828017e-01
3.525682270644696636e-01
4.631018789715622974e-01
4.326128927807474933e-01
3.743161084728147681e-01
5.260497238817961607e-01
6.165491474063719002e-01
3.431869380147291593e-01
3.841349673671369258e-01
3.455730139941277645e-01
2.875801140549905099e-01
3.345742440003933171e-01
2.882519831170554103e-01
2.916586801171139887e-01
4.202951333557462532e-01
4.334831881514433216e-01
2.897803645749459922e-01
3.838783360677593404e-01
3.901870500172037182e-01
5.992077663837621637e-01
2.971101610519286673e-01
3.887229067523119697e-01
4.911473732230745015e-01
2.679638510041639776e-01
4.079334149232761164e-01
4.771127219371004147e-01
3.542175268794188758e-01
3.043614006844425068e-01
3.104195115246320413e-01
4.149633389905513225e-01
4.704460657295742032e-01
4.217044834720746205e-01
3.108620306408647616e-01
4.214574984974360783e-01
3.976456791329369689e-01
5.710744641773111141e-01
4.227135549305120477e-01
4.508570514214581548e-01
5.988936221201476284e-01
4.625661396596679187e-01
4.402372307760170078e-01
6.221345285604978903e-01
4.223109257142669271e-01
3.625259348252258818e-01
4.890231817375378931e-01
4.221617813028410438e-01
4.386451558994025057e-01
3.933337621616587731e-01
3.746868264460937459e-01
3.596785688230257350e-01
3.303262785476011043e-01
5.203535849448345241e-01
4.235165742668656197e-01
5.650165394815506170e-01
4.780813520260656091e-01
3.681957143669289390e-01
4.333505591175545457e-01
3.702902819193002459e-01
4.070179225323294347e-01
5.898471184820301971e-01
6.281268949085198061e-01
2.801956637386894267e-01
3.455659480152944441e-01
4.688256471802895176e-01
4.281713985255038990e-01
4.221717817787164484e-01
3.803170931646673303e-01
5.739335311460448397e-01
4.360704926931375791e-01
3.850411220050003469e-01
3.863918826357672365e-01
4.655126236275098917e-01
3.237507319141100792e-01
3.207217062972693156e-01
3.521302468768006677e-01
3.761289653821029422e-01
3.345057994594717865e-01
3.195728640398370901e-01
4.693275671839279850e-01
2.934169527227503682e-01
2.928680323654773709e-01
3.353904785311399572e-01
3.363391547563168715e-01
3.173943228488472212e-01
3.560595477494079564e-01
2.802385536183829018e-01
2.801111218731797692e-01
3.527033930472126544e-01
3.315698095358041164e-01
2.920144487904807185e-01
3.915821903744220456e-01
3.898889559431518714e-01
2.810561483846373276e-01
3.713660542889523075e-01
3.451996417895503155e-01
3.334114192343306526e-01
3.158020343235770633e-01
4.393936045441329541e-01
3.664118478832329440e-01
5.777253619245852345e-01
3.856482197582448146e-01
3.811500243718881076e-01
4.053152410225541180e-01
3.634964906746652180e-01
3.827764034325567000e-01
3.679546142846381040e-01
4.023747558936281443e-01
3.723849957028310120e-01
4.225693144078978003e-01
6.227871094031475208e-01
4.055871854372963825e-01
3.054421885648657131e-01
3.334729894375102477e-01
3.816076782807472090e-01
5.030596188071995156e-01
5.601624669124182221e-01
5.120374559397462555e-01
6.857205635278319500e-01
4.872528145311301739e-01
6.224774155777348383e-01
6.433108044031722317e-01
5.600214988421482465e-01
7.235847223235210013e-01
5.749542449776194886e-01
5.741338914271110205e-01
4.473175752122273141e-01
6.444483208260813889e-01
5.630575084150701848e-01
6.411777890509168243e-01
6.052562192556946163e-01
6.777835455700330636e-01
4.788958682505893294e-01
3.925524500695982688e-01
6.782574920840133137e-01
3.753702636039706886e-01
5.594021578995582722e-01
3.988181343618413810e-01
3.791007934057333273e-01
3.712343533338598456e-01
4.121223755244273201e-01
4.446271858382178088e-01
6.415189800553535715e-01
3.740914609765119692e-01
4.426437753453305590e-01
5.795528225023216518e-01
5.277058490432985360e-01
4.332849892432378835e-01
6.261951605561518752e-01
4.868549265682287075e-01
4.500717112766796646e-01
3.490244181448380889e-01
4.730019215402442856e-01
3.759899540512195437e-01
3.544035922505163194e-01
4.222476954732430898e-01
4.112747599700145584e-01
3.099480708864804646e-01
4.659926565307246360e-01
3.203439039086251050e-01
5.754998935538689908e-01
3.954525046419146705e-01
5.290014362328927522e-01
2.775375165269121092e-01
5.148481684325690866e-01
3.205791859779521524e-01
4.730969310581473741e-01
2.997075542208421650e-01
4.943957057625714691e-01
3.507867805578588905e-01
4.671135472754862628e-01
3.186138556229792251e-01
5.959472562640039106e-01
3.810401707943091854e-01
3.400073668047805531e-01
3.455066150545698656e-01
3.626050545244987600e-01
3.081274981688256753e-01
2.658960195027735285e-01
2.500592742724739304e-01
4.052393322052209590e-01
3.003833699657141865e-01
3.532010420124316874e-01
3.857628391688674996e-01
3.758590916882934008e-01
2.446717973276714420e-01
2.769927478908156826e-01
3.575521175332095347e-01
2.780693902938925488e-01
3.366545705791547105e-01
3.550254152442844369e-01
3.259940056017572863e-01
3.158124592595397684e-01
3.038661060927555502e-01
3.962620852826675977e-01
3.443113315101003491e-01
3.664635010450169594e-01
3.477959670992168406e-01
2.571310743409102040e-01
2.956703464939930970e-01
4.326590589595404879e-01
3.268527412444175440e-01
3.697356049281191881e-01
2.413054075312971725e-01
2.719674020566469341e-01
4.379988724345658113e-01
3.742432278950573177e-01
3.586912575816683657e-01
2.496421806186884251e-01
3.400685623533969415e-01
3.243420711948711288e-01
4.131678970621457392e-01
2.584333277891923686e-01
3.249098384182834143e-01
3.627828203023673037e-01
3.487110269568571841e-01
2.328992756126092856e-01
4.447170785616049726e-01
2.834414559575994530e-01
3.545396104567538620e-01
3.595153646546985771e-01
3.192508327596474405e-01
2.549742345266450827e-01
4.977464849752040732e-01
2.441428828217424019e-01
5.434045873338416710e-01
3.771766187540316895e-01
2.756853303954430179e-01
2.567966180282837962e-01
2.891098443135675655e-01
3.085385749568534952e-01
2.259631707778806398e-01
2.914533050684476323e-01
3.224733543772352884e-01
3.586055304136861466e-01
3.155782125599972954e-01
3.335403256239172221e-01
2.738483249829201105e-01
3.244209909355310062e-01
2.838298770651237479e-01
2.784298614734137534e-01
2.396013655149430432e-01
3.354463486201709754e-01
2.707845227566560986e-01
2.903772417916317128e-01
3.129095476929564246e-01
4.130716628964059556e-01
3.562132853191807280e-01
3.499410837642418226e-01
3.211111937269484073e-01
3.117904764607931645e-01
3.796686414633169138e-01
3.071190598412285588e-01
3.077837309290545886e-01
3.090265032593211281e-01
4.103594467402230661e-01
3.135609935156317696e-01
3.360663010878036649e-01
3.500586498701863114e-01
3.178854181571141857e-01
3.346713382206668586e-01
3.527806756882438943e-01
3.048592401220541759e-01
3.203901628436039983e-01
3.181237673063730953e-01
2.900533653386875854e-01
3.146191955341981483e-01
3.797997951554010765e-01
4.741758292729409408e-01
3.284325243571410979e-01
3.381752152102561193e-01
3.179934669034807371e-01
3.640080506885825518e-01
3.434539041876222276e-01
4.458978301771562847e-01
2.903455706564248562e-01
2.925009801893573846e-01
2.593641166612993820e-01
4.561789097012707295e-01
3.823242666784303356e-01
2.470167204891420831e-01
4.035654810224170719e-01
2.659217789416926103e-01
3.414159102290080239e-01
2.557922189606814944e-01
3.639178058574046859e-01
2.256566426150853344e-01
3.242688475145603100e-01
2.157392706681196815e-01
3.027253741592566549e-01
2.951731678662088409e-01
3.357189463048189659e-01
3.058606836286983377e-01
3.646146032298641093e-01
2.891150993376706002e-01
4.470174317911538853e-01
2.937793305863173332e-01
4.338833314731843638e-01
3.501548261326957179e-01
3.306351553037136792e-01
2.979319087909872432e-01
4.553692993128259925e-01
4.023856567109100335e-01
4.038541618846356873e-01
3.260069505558705893e-01
4.183564739702262947e-01
2.982754881897229926e-01
4.165417150096006882e-01
2.852427069466908494e-01
4.101274006782574255e-01
3.647972089790689765e-01
3.367270919494044223e-01
3.785984111356646697e-01
5.258777476781001381e-01
3.279371113664120707e-01
3.561002051792234169e-01
2.838760923285049143e-01
3.621275647276541720e-01
3.402044940730358791e-01
2.799608467172934878e-01
2.744197717830328953e-01
2.984888652170644696e-01
2.785915615623070773e-01
3.181037036314476873e-01
2.349063448862254155e-01
2.809725046411193916e-01
4.470196139344732034e-01
4.031517415497797852e-01
3.185343216662470112e-01
3.316959721442082620e-01
3.138930328310163831e-01
3.784438367979168771e-01
2.868243419665999494e-01
2.283295251061783493e-01
3.661294598051806903e-01
2.932418834980111688e-01
3.006322638236182399e-01
2.602858670287506726e-01
3.867294795515811567e-01
3.546946204978539408e-01
4.190231452401073087e-01
2.700902204939164553e-01
3.655774359398694662e-01
2.561930467612693607e-01
4.667867305647105947e-01
3.034976506848588440e-01
3.416403888358108820e-01
3.631997432935110681e-01
4.506411211981971032e-01
3.372678737291870399e-01
3.441203127993023858e-01
3.959201165032010805e-01
3.555301435482998706e-01
3.849447502954323475e-01
4.723655789885305434e-01
3.141431640417838844e-01
3.869384504421600757e-01
2.967575963390718385e-01
3.651948552183303942e-01
3.201470661201052392e-01
4.970204116230276248e-01
2.638162738473838198e-01
2.794388768901225339e-01
3.473354154643527592e-01
2.877407687722347562e-01
2.437699368840417213e-01
3.089140550056857504e-01
2.390356767830979501e-01
3.021247115437802888e-01
2.824298545580339326e-01
3.052106881166518626e-01
2.671989003636453530e-01
3.704148144301733780e-01
2.375595443601972168e-01
3.532401422318380835e-01
2.683901063165708978e-01
2.513709312800163631e-01
2.672323539541309190e-01
3.418671798110631821e-01
3.325836851857678633e-01
2.930809324023731510e-01
2.940574387719704919e-01
2.626706134299899298e-01
2.474173998335290892e-01
2.945659736665632855e-01
3.266300722758024855e-01
2.861521750071400749e-01
2.952617664504861850e-01
3.650258245604525720e-01
2.529179173536817427e-01
3.812870540388986207e-01
2.191735848095541783e-01
3.557569899681704007e-01
2.838990517492910315e-01
2.111889113128756768e-01
2.445038688491001921e-01
6.149681045511865563e-01
4.190382571572256465e-01
3.956375850031451646e-01
4.470936697969474238e-01
4.333267507617667436e-01
4.432638186858134377e-01
4.784485598812028839e-01
4.432638186858134377e-01
4.784485598812028839e-01
4.193385726266513625e-01
3.115925499511410512e-01
3.029223582732937792e-01
2.641489905222038637e-01
3.374231626988520860e-01
3.220915464491132529e-01
3.986719520809136053e-01
4.140213786459390755e-01
3.919761762692289819e-01
4.352253641823363162e-01
3.019997005818220170e-01
3.696107330768378940e-01
3.227307715529817433e-01
3.478086866244205488e-01
3.412667876172327808e-01
3.481238033595275838e-01
3.156001211650911187e-01
3.552484489379991728e-01
3.954417259757626035e-01
5.696723120725675216e-01
3.016942886399880952e-01
4.636603345669159104e-01
3.690088688421409024e-01
4.538051087027567543e-01
4.043369937184366769e-01
5.785827633219309263e-01
3.070578784049113885e-01
4.025847969384098168e-01
5.085244749030737310e-01
3.266486367182614980e-01
4.334448079202047333e-01
4.269358223542224495e-01
4.044822889595675597e-01
3.736641352571159480e-01
3.862570940812427023e-01
4.602329030415822086e-01
4.269358223542224495e-01
4.602329030415822086e-01
4.649725231788843227e-01
3.560727051978637148e-01
5.936943991153393885e-01
4.838186190243371487e-01
8.318402173325619708e-01
3.402338814471092543e-01
7.861909588032719443e-01
7.012502722361612095e-01
7.192686733216004935e-01
2.995818363813329555e-01
5.297790925466413503e-01
6.824255156449071658e-01
3.879523538098308966e-01
3.530739793056619780e-01
7.269051282879110953e-01
5.118882644343270005e-01
4.207372003643597425e-01
6.893369470976319358e-01
5.869265208628936525e-01
7.723799916107260133e-01
2.912697107867289192e-01
7.518644666124287834e-01
6.154007506609566747e-01
3.850415898543410598e-01
8.048988795457620027e-01
4.787380185932996746e-01
6.672315750892702235e-01
6.744545361018551288e-01
6.703824244912185426e-01
5.569185082512164708e-01
3.714798153227349409e-01
3.239241351457307627e-01
6.260327264768474897e-01
4.676802628274966955e-01
5.516385585497333155e-01
5.432600616507571312e-01
3.619598125587981108e-01
6.529536595994720471e-01
6.092471868069609942e-01
2.805478371094199952e-01
4.047082572168133052e-01
4.120784801697366384e-01
3.108552404837562899e-01
6.433562290925839422e-01
5.581532672148389329e-01
3.864443401390639243e-01
7.236902658068288252e-01
4.782118504374788248e-01
7.068442825097716042e-01
4.635960554991898630e-01
7.752314922984452350e-01
