3.303724393775461787e-01 6.696275608190611628e-01
3.200084241957774078e-01 6.799915759221875078e-01
5.686774585481317867e-01 4.313225412549546722e-01
5.706261083307710980e-01 4.293738914016707042e-01
6.405185627056981801e-01 3.594814369423796063e-01
6.089320888163771706e-01 3.910679112245061262e-01
5.267934844730556287e-01 4.732065156183744570e-01
2.415110865594913558e-01 7.584889137462331732e-01
5.560578288392918900e-01 4.439421714757360582e-01
2.220097266830193261e-01 7.779902734487557092e-01
2.541635219021887160e-01 7.458364783023310185e-01
5.610953703599400599e-01 4.389046297920928819e-01
2.735316344782492970e-01 7.264683658180325354e-01
2.797387743655291859e-01 7.202612255436097177e-01
2.589081866906461915e-01 7.410918135490812686e-01
3.538656958108242212e-01 6.461343042068828924e-01
5.700482361924601449e-01 4.299517636722189895e-01
4.750658243035426609e-01 5.249341755827023892e-01
2.924495348135767725e-01 7.075504652119828375e-01
3.109295585250425042e-01 6.890704416733510751e-01
2.871483154181154740e-01 7.128516848129790029e-01
2.258401003585376876e-01 7.741598996738737748e-01
5.208496577742259825e-01 4.791503419881489312e-01
2.297776955496377282e-01 7.702223045148375302e-01
5.742143741938486867e-01 4.257856257465260086e-01
6.448610864997466052e-01 3.551389131715331771e-01
3.716635550665002841e-01 6.283364449711013044e-01
4.820010733933058344e-01 5.179989265942043231e-01
4.944279277198585509e-01 5.055720723317623788e-01
5.168576905674280297e-01 4.831423093392449020e-01
6.595389610012907244e-01 3.404610387685889639e-01
6.184434411372518037e-01 3.815565588244974049e-01
6.477674902405975432e-01 3.522325096417878165e-01
5.267982726128637161e-01 4.732017274232006576e-01
5.346507132995914624e-01 4.653492862947807840e-01
6.487003520835280534e-01 3.512996476258005152e-01
6.148987300904752429e-01 3.851012697792051132e-01
5.096140689266596135e-01 4.903859312599069264e-01
6.866061896096122830e-01 3.133938102560011596e-01
4.024108062891367799e-01 5.975891935680986977e-01
5.523060041740279758e-01 4.476939958366625838e-01
3.727988181619351082e-01 6.272011817999118000e-01
6.008883364036201602e-01 3.991116636276921259e-01
2.550919320550533720e-01 7.449080679728586896e-01
4.359797753831290978e-01 5.640202245912216972e-01
5.341890768064676553e-01 4.658109232746726058e-01
4.127354669566401513e-01 5.872645331269686908e-01
6.292617889555197630e-01 3.707382108994942138e-01
3.407567582878981982e-01 6.592432420119654912e-01
2.946889333205344741e-01 7.053110667850910342e-01
5.039891797660940309e-01 4.960108204374423790e-01
2.449219239378023771e-01 7.550780759744868398e-01
2.588512182072532641e-01 7.411487820772258983e-01
3.413679418460923154e-01 6.586320582094760123e-01
7.363016657897061279e-01 2.636983340913552909e-01
5.051089998040776408e-01 4.948910000255154484e-01
6.528283175567198837e-01 3.471716824045489869e-01
3.739180345887561652e-01 6.260819656422439428e-01
4.749046384721685721e-01 5.250953615937168362e-01
3.005440678003306054e-01 6.994559324337014106e-01
2.087883521104046403e-01 7.912116481220605735e-01
5.028467596844717891e-01 4.971532404547803208e-01
2.709733953682934571e-01 7.290266047750223466e-01
3.695189847634818281e-01 6.304810154878716100e-01
4.259072657208249901e-01 5.740927343161735807e-01
3.857631899987308266e-01 6.142368100915841511e-01
3.629930354014841432e-01 6.370069647973785054e-01
3.168634892016333748e-01 6.831365110969738197e-01
5.444130588546232108e-01 4.555869408554134026e-01
3.688427134772188087e-01 6.311572865979127034e-01
2.755363507611952589e-01 7.244636493048476344e-01
3.477504211240425858e-01 6.522495790062899923e-01
3.907260685259969502e-01 6.092739315270467859e-01
3.284349785543879685e-01 6.715650214359814019e-01
3.367468347756352176e-01 6.632531653078523881e-01
3.646118423920616247e-01 6.353881578151016063e-01
2.149718127530853007e-01 7.850281875491510464e-01
2.636336133225955503e-01 7.363663869064420719e-01
5.612341109627391189e-01 4.387658890968294534e-01
6.432807884249710506e-01 3.567192114673263803e-01
6.512731641354888579e-01 3.487268357755479165e-01
2.511846615336389976e-01 7.488153385545669449e-01
2.544072478531194670e-01 7.455927521601231067e-01
2.770620718239452107e-01 7.229379282606006596e-01
2.606491402170813543e-01 7.393508598715059499e-01
3.336757364749557420e-01 6.663242636313289058e-01
5.834437073758572678e-01 4.165562925725677101e-01
2.620048965911592198e-01 7.379951035227719780e-01
3.186134137139313705e-01 6.813865864467665290e-01
5.273497757248988282e-01 4.726502242390491770e-01
2.470023796724465925e-01 7.529976203760062603e-01
2.401509600643335074e-01 7.598490399310907639e-01
2.423679905399627188e-01 7.576320095742162808e-01
2.418474351149090262e-01 7.581525646863495060e-01
2.581962072529899732e-01 7.418037926699720952e-01
3.260555959166472895e-01 6.739444042966261650e-01
2.731441997015169876e-01 7.268558003223057895e-01
2.887135197109828577e-01 7.112864804548687525e-01
5.873387477673625012e-01 4.126612521260169530e-01
3.549920844385374141e-01 6.450079156165539063e-01
6.487415992279291777e-01 3.512584006101933110e-01
5.937948098214225201e-01 4.062051900881142319e-01
6.710407147499540814e-01 3.289592850672958257e-01
2.885582189797894492e-01 7.114417810654567464e-01
5.062563143953130451e-01 4.937436856729177648e-01
4.263378511093584566e-01 5.736621488667069668e-01
5.342993345342954559e-01 4.657006654550909786e-01
4.859355811246774404e-01 5.140644187036828017e-01
6.474317728453439225e-01 3.525682270644696636e-01
5.368981210137618865e-01 4.631018789715622974e-01
5.673871074027030392e-01 4.326128927807474933e-01
6.256838913876012764e-01 3.743161084728147681e-01
4.739502761919949791e-01 5.260497238817961607e-01
3.834508526553405128e-01 6.165491474063719002e-01
6.568130619890675259e-01 3.431869380147291593e-01
6.158650326437311584e-01 3.841349673671369258e-01
6.544269860425239171e-01 3.455730139941277645e-01
7.124198858688653990e-01 2.875801140549905099e-01
6.654257560178522546e-01 3.345742440003933171e-01
7.117480166330696356e-01 2.882519831170554103e-01
7.083413198472320316e-01 2.916586801171139887e-01
5.797048666933881655e-01 4.202951333557462532e-01
5.665168115172616314e-01 4.334831881514433216e-01
7.102196353695966469e-01 2.897803645749459922e-01
6.161216639253613847e-01 3.838783360677593404e-01
6.098129498083441069e-01 3.901870500172037182e-01
4.007922337210116370e-01 5.992077663837621637e-01
7.028898388545368192e-01 2.971101610519286673e-01
6.112770930135392744e-01 3.887229067523119697e-01
5.088526269743635089e-01 4.911473732230745015e-01
7.320361487670847822e-01 2.679638510041639776e-01
5.920665851393683843e-01 4.079334149232761164e-01
5.228872779819724315e-01 4.771127219371004147e-01
6.457824731251349260e-01 3.542175268794188758e-01
6.956385991133440250e-01 3.043614006844425068e-01
6.895804884001346391e-01 3.104195115246320413e-01
5.850366610641432041e-01 4.149633389905513225e-01
5.295539342810571259e-01 4.704460657295742032e-01
5.782955163892188333e-01 4.217044834720746205e-01
6.891379693083121705e-01 3.108620306408647616e-01
5.785425013969406338e-01 4.214574984974360783e-01
6.023543208859720721e-01 3.976456791329369689e-01
4.289255359046480476e-01 5.710744641773111141e-01
5.772864449983220458e-01 4.227135549305120477e-01
5.491429485626988516e-01 4.508570514214581548e-01
4.011063780618097652e-01 5.988936221201476284e-01
5.374338601267010240e-01 4.625661396596679187e-01
5.597627692837556790e-01 4.402372307760170078e-01
3.778654715797999941e-01 6.221345285604978903e-01
5.776890743452646193e-01 4.223109257142669271e-01
6.374740650444412626e-01 3.625259348252258818e-01
5.109768183335142711e-01 4.890231817375378931e-01
5.778382185821634431e-01 4.221617813028410438e-01
5.613548441366457142e-01 4.386451558994025057e-01
6.066662377185532140e-01 3.933337621616587731e-01
6.253131735146802983e-01 3.746868264460937459e-01
6.403214310351605931e-01 3.596785688230257350e-01
6.696737213636329011e-01 3.303262785476011043e-01
4.796464149600997984e-01 5.203535849448345241e-01
5.764834256503243992e-01 4.235165742668656197e-01
4.349834606417057326e-01 5.650165394815506170e-01
5.219186480413150475e-01 4.780813520260656091e-01
6.318042856400137852e-01 3.681957143669289390e-01
5.666494408432107832e-01 4.333505591175545457e-01
6.297097180851960463e-01 3.702902819193002459e-01
5.929820773753270435e-01 4.070179225323294347e-01
4.101528816902820784e-01 5.898471184820301971e-01
3.718731051955639910e-01 6.281268949085198061e-01
7.198043361619858027e-01 2.801956637386894267e-01
6.544340518032878418e-01 3.455659480152944441e-01
5.311743528013173066e-01 4.688256471802895176e-01
5.718286015565958724e-01 4.281713985255038990e-01
5.778282182580570803e-01 4.221717817787164484e-01
6.196829068833548115e-01 3.803170931646673303e-01
4.260664689269405558e-01 5.739335311460448397e-01
5.639295073070414999e-01 4.360704926931375791e-01
6.149588780129648935e-01 3.850411220050003469e-01
6.136081171924953059e-01 3.863918826357672365e-01
5.344873765392365028e-01 4.655126236275098917e-01
6.762492679673571816e-01 3.237507319141100792e-01
6.792782936409039740e-01 3.207217062972693156e-01
6.478697530192348841e-01 3.521302468768006677e-01
6.238710346445559551e-01 3.761289653821029422e-01
6.654942004275914424e-01 3.345057994594717865e-01
6.804271359636111516e-01 3.195728640398370901e-01
5.306724327171591371e-01 4.693275671839279850e-01
7.065830470093332760e-01 2.934169527227503682e-01
7.071319673801997885e-01 2.928680323654773709e-01
6.646095214018555852e-01 3.353904785311399572e-01
6.636608451457844948e-01 3.363391547563168715e-01
6.826056770814612484e-01 3.173943228488472212e-01
6.439404520688194467e-01 3.560595477494079564e-01
7.197614462908628052e-01 2.802385536183829018e-01
7.198888779461886100e-01 2.801111218731797692e-01
6.472966069223873298e-01 3.527033930472126544e-01
6.684301903352606322e-01 3.315698095358041164e-01
7.079855510817320008e-01 2.920144487904807185e-01
6.084178095413623755e-01 3.915821903744220456e-01
6.101110440958512626e-01 3.898889559431518714e-01
7.189438514635495547e-01 2.810561483846373276e-01
6.286339457543750342e-01 3.713660542889523075e-01
6.548003579947176966e-01 3.451996417895503155e-01
6.665885806509554978e-01 3.334114192343306526e-01
6.841979656523868858e-01 3.158020343235770633e-01
5.606063954088269519e-01 4.393936045441329541e-01
6.335881520033875836e-01 3.664118478832329440e-01
4.222746380855067483e-01 5.777253619245852345e-01
6.143517802936553363e-01 3.856482197582448146e-01
6.188499755959083748e-01 3.811500243718881076e-01
5.946847589731031336e-01 4.053152410225541180e-01
6.365035092826361041e-01 3.634964906746652180e-01
6.172235966136152552e-01 3.827764034325567000e-01
6.320453855724337267e-01 3.679546142846381040e-01
5.976252442732074011e-01 4.023747558936281443e-01
6.276150042887432834e-01 3.723849957028310120e-01
5.774306856270224886e-01 4.225693144078978003e-01
3.772128906959679728e-01 6.227871094031475208e-01
5.944128146051468331e-01 4.055871854372963825e-01
6.945578112493434597e-01 3.054421885648657131e-01
6.665270104594570588e-01 3.334729894375102477e-01
6.183923216011891766e-01 3.816076782807472090e-01
4.969403813869089914e-01 5.030596188071995156e-01
4.398375331851441250e-01 5.601624669124182221e-01
4.879625443625312253e-01 5.120374559397462555e-01
3.142794367453861093e-01 6.857205635278319500e-01
5.127471856419054674e-01 4.872528145311301739e-01
3.775225845272987546e-01 6.224774155777348383e-01
3.566891958041070176e-01 6.433108044031722317e-01
4.399785012303861764e-01 5.600214988421482465e-01
2.764152779521820702e-01 7.235847223235210013e-01
4.250457550741171819e-01 5.749542449776194886e-01
4.258661088445561127e-01 5.741338914271110205e-01
5.526824246597180634e-01 4.473175752122273141e-01
3.555516794389039781e-01 6.444483208260813889e-01
4.369424916837679196e-01 5.630575084150701848e-01
3.588222112068640834e-01 6.411777890509168243e-01
3.947437808492383349e-01 6.052562192556946163e-01
3.222164546937312801e-01 6.777835455700330636e-01
5.211041316666537027e-01 4.788958682505893294e-01
6.074475499580092031e-01 3.925524500695982688e-01
3.217425080807018167e-01 6.782574920840133137e-01
6.246297363676326375e-01 3.753702636039706886e-01
4.405978421903595232e-01 5.594021578995582722e-01
6.011818656984618814e-01 3.988181343618413810e-01
6.208992065910899916e-01 3.791007934057333273e-01
6.287656468452573755e-01 3.712343533338598456e-01
5.878776244976497978e-01 4.121223755244273201e-01
5.553728141931308926e-01 4.446271858382178088e-01
3.584810200585222262e-01 6.415189800553535715e-01
6.259085391576162394e-01 3.740914609765119692e-01
5.573562246568114498e-01 4.426437753453305590e-01
4.204471775609777140e-01 5.795528225023216518e-01
4.722941510688254962e-01 5.277058490432985360e-01
5.667150108261950203e-01 4.332849892432378835e-01
3.738048395500845333e-01 6.261951605561518752e-01
5.131450735789055972e-01 4.868549265682287075e-01
5.499282888704433159e-01 4.500717112766796646e-01
6.509755818403012428e-01 3.490244181448380889e-01
5.269980785663030964e-01 4.730019215402442856e-01
6.240100459622361928e-01 3.759899540512195437e-01
6.455964077062626982e-01 3.544035922505163194e-01
5.777523046949717411e-01 4.222476954732430898e-01
5.887252400486288062e-01 4.112747599700145584e-01
6.900519288148372343e-01 3.099480708864804646e-01
5.340073435630613430e-01 4.659926565307246360e-01
6.796560958310650102e-01 3.203439039086251050e-01
4.245001065457454925e-01 5.754998935538689908e-01
6.045474951148660514e-01 3.954525046419146705e-01
4.709985639442900718e-01 5.290014362328927522e-01
7.224624832676928010e-01 2.775375165269121092e-01
4.851518316835027878e-01 5.148481684325690866e-01
6.794208138990441848e-01 3.205791859779521524e-01
5.269030690441297571e-01 4.730969310581473741e-01
7.002924456015975352e-01 2.997075542208421650e-01
5.056042943428055159e-01 4.943957057625714691e-01
6.492132192756318032e-01 3.507867805578588905e-01
5.328864528370494957e-01 4.671135472754862628e-01
6.813861441787980588e-01 3.186138556229792251e-01
4.040527439054946157e-01 5.959472562640039106e-01
6.189598290743635323e-01 3.810401707943091854e-01
6.599926331528556123e-01 3.400073668047805531e-01
6.544933849559088079e-01 3.455066150545698656e-01
6.373949454400259507e-01 3.626050545244987600e-01
6.918725017465587879e-01 3.081274981688256753e-01
7.341039801003601539e-01 2.658960195027735285e-01
7.499407255076017131e-01 2.500592742724739304e-01
5.947606677414883913e-01 4.052393322052209590e-01
6.996166299787224263e-01 3.003833699657141865e-01
6.467989580599413646e-01 3.532010420124316874e-01
6.142371608199823640e-01 3.857628391688674996e-01
6.241409081835390671e-01 3.758590916882934008e-01
7.553282024301137820e-01 2.446717973276714420e-01
7.230072519141398368e-01 2.769927478908156826e-01
6.424478824048032166e-01 3.575521175332095347e-01
7.219306095522532996e-01 2.780693902938925488e-01
6.633454293039549032e-01 3.366545705791547105e-01
6.449745846621994794e-01 3.550254152442844369e-01
6.740059941846689995e-01 3.259940056017572863e-01
6.841875406199260379e-01 3.158124592595397684e-01
6.961338937587583375e-01 3.038661060927555502e-01
6.037379145391353896e-01 3.962620852826675977e-01
6.556886684537763799e-01 3.443113315101003491e-01
6.335364988840310740e-01 3.664635010450169594e-01
6.522040327105804725e-01 3.477959670992168406e-01
7.428689255107517875e-01 2.571310743409102040e-01
7.043296533500847945e-01 2.956703464939930970e-01
5.673409410494877347e-01 4.326590589595404879e-01
6.731472585400664066e-01 3.268527412444175440e-01
6.302643950532348383e-01 3.697356049281191881e-01
7.586945922042023227e-01 2.413054075312971725e-01
7.280325978491931638e-01 2.719674020566469341e-01
5.620011273772030913e-01 4.379988724345658113e-01
6.257567720551844292e-01 3.742432278950573177e-01
6.413087425048564771e-01 3.586912575816683657e-01
7.503578191829128885e-01 2.496421806186884251e-01
6.599314376333701437e-01 3.400685623533969415e-01
6.756579286953857677e-01 3.243420711948711288e-01
5.868321031271089838e-01 4.131678970621457392e-01
7.415666719124253126e-01 2.584333277891923686e-01
6.750901614703509468e-01 3.249098384182834143e-01
6.372171796318480963e-01 3.627828203023673037e-01
6.512889729361145408e-01 3.487110269568571841e-01
7.671007242392673398e-01 2.328992756126092856e-01
5.552829216875491136e-01 4.447170785616049726e-01
7.165585439772308440e-01 2.834414559575994530e-01
6.454603896223051196e-01 3.545396104567538620e-01
6.404846353714860330e-01 3.595153646546985771e-01
6.807491672695751284e-01 3.192508327596474405e-01
7.450257653900170807e-01 2.549742345266450827e-01
5.022535153776130912e-01 4.977464849752040732e-01
7.558571169193757378e-01 2.441428828217424019e-01
4.565954129793538541e-01 5.434045873338416710e-01
6.228233812996506469e-01 3.771766187540316895e-01
7.243146693910530454e-01 2.756853303954430179e-01
7.432033817655724350e-01 2.567966180282837962e-01
7.108901555209231615e-01 2.891098443135675655e-01
6.914614249025005099e-01 3.085385749568534952e-01
7.740368289824585135e-01 2.259631707778806398e-01
7.085466948132139731e-01 2.914533050684476323e-01
6.775266454613263489e-01 3.224733543772352884e-01
6.413944694408949543e-01 3.586055304136861466e-01
6.844217872965809857e-01 3.155782125599972954e-01
6.664596742169893728e-01 3.335403256239172221e-01
7.261516748541544386e-01 2.738483249829201105e-01
6.755790088714682673e-01 3.244209909355310062e-01
7.161701227909214040e-01 2.838298770651237479e-01
7.215701383440570327e-01 2.784298614734137534e-01
7.603986342986128744e-01 2.396013655149430432e-01
6.645536512627527870e-01 3.354463486201709754e-01
7.292154771228034349e-01 2.707845227566560986e-01
7.096227580250932254e-01 2.903772417916317128e-01
6.870904521485493577e-01 3.129095476929564246e-01
5.869283370027645885e-01 4.130716628964059556e-01
6.437867144959898980e-01 3.562132853191807280e-01
6.500589161145883255e-01 3.499410837642418226e-01
6.788888061280977659e-01 3.211111937269484073e-01
6.882095233630750597e-01 3.117904764607931645e-01
6.203313584903199507e-01 3.796686414633169138e-01
6.928809399922901680e-01 3.071190598412285588e-01
6.922162689350506160e-01 3.077837309290545886e-01
6.909734965699619869e-01 3.090265032593211281e-01
5.896405530053016042e-01 4.103594467402230661e-01
6.864390063450414026e-01 3.135609935156317696e-01
6.639336987916769628e-01 3.360663010878036649e-01
6.499413500055714055e-01 3.500586498701863114e-01
6.821145816451990029e-01 3.178854181571141857e-01
6.653286615595307429e-01 3.346713382206668586e-01
6.472193241795607399e-01 3.527806756882438943e-01
6.951407597569619901e-01 3.048592401220541759e-01
6.796098370145415846e-01 3.203901628436039983e-01
6.818762325329887908e-01 3.181237673063730953e-01
7.099466344604163925e-01 2.900533653386875854e-01
6.853808043488486268e-01 3.146191955341981483e-01
6.202002046979681049e-01 3.797997951554010765e-01
5.258241706267779980e-01 4.741758292729409408e-01
6.715674755484813963e-01 3.284325243571410979e-01
6.618247846478290120e-01 3.381752152102561193e-01
6.820065330208325838e-01 3.179934669034807371e-01
6.359919491851887541e-01 3.640080506885825518e-01
6.565460957513142848e-01 3.434539041876222276e-01
5.541021697564184612e-01 4.458978301771562847e-01
7.096544292289514999e-01 2.903455706564248562e-01
7.074990195968606788e-01 2.925009801893573846e-01
7.406358831909626295e-01 2.593641166612993820e-01
5.438210903380039651e-01 4.561789097012707295e-01
6.176757333563576147e-01 3.823242666784303356e-01
7.529832792931202556e-01 2.470167204891420831e-01
5.964345189332038721e-01 4.035654810224170719e-01
7.340782207995379949e-01 2.659217789416926103e-01
6.585840896508474707e-01 3.414159102290080239e-01
7.442077808492062463e-01 2.557922189606814944e-01
6.360821942329528689e-01 3.639178058574046859e-01
7.743433571875424359e-01 2.256566426150853344e-01
6.757311526774477661e-01 3.242688475145603100e-01
7.842607291919729828e-01 2.157392706681196815e-01
6.972746256622138761e-01 3.027253741592566549e-01
7.048268319557481343e-01 2.951731678662088409e-01
6.642810535787758708e-01 3.357189463048189659e-01
6.941393161830974323e-01 3.058606836286983377e-01
6.353853966588530744e-01 3.646146032298641093e-01
7.108849004620225731e-01 2.891150993376706002e-01
5.529825682386712016e-01 4.470174317911538853e-01
7.062206693105863575e-01 2.937793305863173332e-01
5.661166685034474400e-01 4.338833314731843638e-01
6.498451738278588907e-01 3.501548261326957179e-01
6.693648446745185110e-01 3.306351553037136792e-01
7.020680910516410300e-01 2.979319087909872432e-01
5.446307007563623293e-01 4.553692993128259925e-01
5.976143431772904524e-01 4.023856567109100335e-01
5.961458380871077489e-01 4.038541618846356873e-01
6.739930493937599243e-01 3.260069505558705893e-01
5.816435260427765819e-01 4.183564739702262947e-01
7.017245117353907435e-01 2.982754881897229926e-01
5.834582849705121088e-01 4.165417150096006882e-01
7.147572929546560649e-01 2.852427069466908494e-01
5.898725993505654630e-01 4.101274006782574255e-01
6.352027908589683580e-01 3.647972089790689765e-01
6.632729079137538175e-01 3.367270919494044223e-01
6.214015888264975418e-01 3.785984111356646697e-01
4.741222525485648265e-01 5.258777476781001381e-01
6.720628885875441494e-01 3.279371113664120707e-01
6.438997948024363094e-01 3.561002051792234169e-01
7.161239075902312567e-01 2.838760923285049143e-01
6.378724352467117775e-01 3.621275647276541720e-01
6.597955060395938043e-01 3.402044940730358791e-01
7.200391531240625254e-01 2.799608467172934878e-01
7.255802281257996977e-01 2.744197717830328953e-01
7.015111348965674676e-01 2.984888652170644696e-01
7.214084382590907341e-01 2.785915615623070773e-01
6.818962961039948256e-01 3.181037036314476873e-01
7.650936550151625770e-01 2.349063448862254155e-01
7.190274952785543627e-01 2.809725046411193916e-01
5.529803860449564734e-01 4.470196139344732034e-01
5.968482585670240592e-01 4.031517415497797852e-01
6.814656783000492268e-01 3.185343216662470112e-01
6.683040278230099052e-01 3.316959721442082620e-01
6.861069671269559578e-01 3.138930328310163831e-01
6.215561632667698788e-01 3.784438367979168771e-01
7.131756578616151865e-01 2.868243419665999494e-01
7.716704747580519497e-01 2.283295251061783493e-01
6.338705400391283495e-01 3.661294598051806903e-01
7.067581164876947097e-01 2.932418834980111688e-01
6.993677361823811278e-01 3.006322638236182399e-01
7.397141328517363723e-01 2.602858670287506726e-01
6.132705204758240880e-01 3.867294795515811567e-01
6.453053794736760551e-01 3.546946204978539408e-01
5.809768546007663126e-01 4.190231452401073087e-01
7.299097793944766543e-01 2.700902204939164553e-01
6.344225641091317813e-01 3.655774359398694662e-01
7.438069530528736983e-01 2.561930467612693607e-01
5.332132695081215346e-01 4.667867305647105947e-01
6.965023492067111688e-01 3.034976506848588440e-01
6.583596111208690482e-01 3.416403888358108820e-01
6.368002566317656488e-01 3.631997432935110681e-01
5.493588788391824407e-01 4.506411211981971032e-01
6.627321259551761656e-01 3.372678737291870399e-01
6.558796872123223709e-01 3.441203127993023858e-01
6.040798834853972066e-01 3.959201165032010805e-01
6.444698564813623465e-01 3.555301435482998706e-01
6.150552496720117501e-01 3.849447502954323475e-01
5.276344210111900690e-01 4.723655789885305434e-01
6.858568358832699552e-01 3.141431640417838844e-01
6.130615495415823180e-01 3.869384504421600757e-01
7.032424035860529443e-01 2.967575963390718385e-01
6.348051446221139038e-01 3.651948552183303942e-01
6.798529338176858561e-01 3.201470661201052392e-01
5.029795884551807594e-01 4.970204116230276248e-01
7.361837259992868310e-01 2.638162738473838198e-01
7.205611229300755705e-01 2.794388768901225339e-01
6.526645845759491138e-01 3.473354154643527592e-01
7.122592309696970103e-01 2.877407687722347562e-01
7.562300630304521487e-01 2.437699368840417213e-01
6.910859447643699083e-01 3.089140550056857504e-01
7.609643230607058273e-01 2.390356767830979501e-01
6.978752883122362194e-01 3.021247115437802888e-01
7.175701453542850938e-01 2.824298545580339326e-01
6.947893118225924036e-01 3.052106881166518626e-01
7.328010993605688084e-01 2.671989003636453530e-01
6.295851855238409067e-01 3.704148144301733780e-01
7.624404554924314459e-01 2.375595443601972168e-01
6.467598577350102129e-01 3.532401422318380835e-01
7.316098936961719090e-01 2.683901063165708978e-01
7.486290685196100858e-01 2.513709312800163631e-01
7.327676459931616870e-01 2.672323539541309190e-01
6.581328202867539057e-01 3.418671798110631821e-01
6.674163147741405400e-01 3.325836851857678633e-01
7.069190676014255326e-01 2.930809324023731510e-01
7.059425611741797502e-01 2.940574387719704919e-01
7.373293863981755791e-01 2.626706134299899298e-01
7.525826000058929433e-01 2.474173998335290892e-01
7.054340261251623723e-01 2.945659736665632855e-01
6.733699277247011672e-01 3.266300722758024855e-01
7.138478248751161104e-01 2.861521750071400749e-01
7.047382334877034804e-01 2.952617664504861850e-01
6.349741754234161650e-01 3.650258245604525720e-01
7.470820825017649991e-01 2.529179173536817427e-01
6.187129459640821061e-01 3.812870540388986207e-01
7.808264150384051083e-01 2.191735848095541783e-01
6.442430100867615472e-01 3.557569899681704007e-01
7.161009481538371801e-01 2.838990517492910315e-01
7.888110885175254605e-01 2.111889113128756768e-01
7.554961309073442433e-01 2.445038688491001921e-01
3.850318956956469418e-01 6.149681045511865563e-01
5.809617427134157186e-01 4.190382571572256465e-01
6.043624148538706553e-01 3.956375850031451646e-01
5.529063301231992300e-01 4.470936697969474238e-01
5.666732490676047451e-01 4.333267507617667436e-01
5.567361812267380694e-01 4.432638186858134377e-01
5.215514400599492451e-01 4.784485598812028839e-01
5.567361812267380694e-01 4.432638186858134377e-01
5.215514400599492451e-01 4.784485598812028839e-01
5.806614273632754175e-01 4.193385726266513625e-01
6.884074498503326422e-01 3.115925499511410512e-01
6.970776416690617205e-01 3.029223582732937792e-01
7.358510092313862438e-01 2.641489905222038637e-01
6.625768370774589577e-01 3.374231626988520860e-01
6.779084532918594475e-01 3.220915464491132529e-01
6.013280477830201809e-01 3.986719520809136053e-01
5.859786212461104427e-01 4.140213786459390755e-01
6.080238236259633000e-01 3.919761762692289819e-01
5.647746357679180873e-01 4.352253641823363162e-01
6.980002992517264637e-01 3.019997005818220170e-01
6.303892666942191303e-01 3.696107330768378940e-01
6.772692282456568291e-01 3.227307715529817433e-01
6.521913131370528083e-01 3.478086866244205488e-01
6.587332122027234060e-01 3.412667876172327808e-01
6.518761963946519966e-01 3.481238033595275838e-01
6.843998785511136163e-01 3.156001211650911187e-01
6.447515508017931385e-01 3.552484489379991728e-01
6.045582738358137309e-01 3.954417259757626035e-01
4.303276878548577544e-01 5.696723120725675216e-01
6.983057111395911676e-01 3.016942886399880952e-01
5.363396653644948442e-01 4.636603345669159104e-01
6.309911310493451220e-01 3.690088688421409024e-01
5.461948913174355935e-01 4.538051087027567543e-01
5.956630061442497182e-01 4.043369937184366769e-01
4.214172367140750497e-01 5.785827633219309263e-01
6.929421213542179547e-01 3.070578784049113885e-01
5.974152029181428736e-01 4.025847969384098168e-01
4.914755249970137463e-01 5.085244749030737310e-01
6.733513630818144247e-01 3.266486367182614980e-01
5.665551918486865235e-01 4.334448079202047333e-01
5.730641776337328519e-01 4.269358223542224495e-01
5.955177108741515069e-01 4.044822889595675597e-01
6.263358644910361761e-01 3.736641352571159480e-01
6.137429058920125247e-01 3.862570940812427023e-01
5.397670969297158061e-01 4.602329030415822086e-01
5.730641776337328519e-01 4.269358223542224495e-01
5.397670969297158061e-01 4.602329030415822086e-01
5.350274770191162377e-01 4.649725231788843227e-01
6.439272949094656529e-01 3.560727051978637148e-01
4.063056012748916812e-01 5.936943991153393885e-01
5.161813810958988391e-01 4.838186190243371487e-01
1.681597828535393579e-01 8.318402173325619708e-01
6.597661184461899309e-01 3.402338814471092543e-01
2.138090414361728808e-01 7.861909588032719443e-01
2.987497280105320674e-01 7.012502722361612095e-01
2.807313268718213961e-01 7.192686733216004935e-01
7.004181635145032558e-01 2.995818363813329555e-01
4.702209075511338265e-01 5.297790925466413503e-01
3.175744846330351701e-01 6.824255156449071658e-01
6.120476461896823261e-01 3.879523538098308966e-01
6.469260205293939636e-01 3.530739793056619780e-01
2.730948718182139023e-01 7.269051282879110953e-01
4.881117358628642711e-01 5.118882644343270005e-01
5.792627994479807585e-01 4.207372003643597425e-01
3.106630529793322215e-01 6.893369470976319358e-01
4.130734791247076543e-01 5.869265208628936525e-01
2.276200084978493021e-01 7.723799916107260133e-01
7.087302891587315967e-01 2.912697107867289192e-01
2.481355335694408470e-01 7.518644666124287834e-01
3.845992494805798856e-01 6.154007506609566747e-01
6.149584101824732141e-01 3.850415898543410598e-01
1.951011205396020742e-01 8.048988795457620027e-01
5.212619814283069308e-01 4.787380185932996746e-01
3.327684247414253726e-01 6.672315750892702235e-01
3.255454639069592093e-01 6.744545361018551288e-01
3.296175756516717681e-01 6.703824244912185426e-01
4.430814917225954774e-01 5.569185082512164708e-01
6.285201845766370532e-01 3.714798153227349409e-01
6.760758646541282779e-01 3.239241351457307627e-01
3.739672735711843665e-01 6.260327264768474897e-01
5.323197372606586208e-01 4.676802628274966955e-01
4.483614418153431536e-01 5.516385585497333155e-01
4.567399386445880616e-01 5.432600616507571312e-01
6.380401871614039822e-01 3.619598125587981108e-01
3.470463405948218116e-01 6.529536595994720471e-01
3.907528132333470405e-01 6.092471868069609942e-01
7.194521630464177919e-01 2.805478371094199952e-01
5.952917427099139180e-01 4.047082572168133052e-01
5.879215197341829402e-01 4.120784801697366384e-01
6.891447596457930258e-01 3.108552404837562899e-01
3.566437710538785111e-01 6.433562290925839422e-01
4.418467329599287674e-01 5.581532672148389329e-01
6.135556596114408734e-01 3.864443401390639243e-01
2.763097342233232778e-01 7.236902658068288252e-01
5.217881500332800515e-01 4.782118504374788248e-01
2.931557179368931565e-01 7.068442825097716042e-01
5.364039444881482099e-01 4.635960554991898630e-01
2.247685077634426765e-01 7.752314922984452350e-01
