0.000001
0.000000
0.000000
0.009451
0.000000
0.000000
0.000000
1.000000
0.000000
1.000000
0.000796
0.999999
0.895080
0.000000
1.000000
0.000000
0.000001
0.000000
0.997711
0.000002
0.000003
0.000000
1.000000
0.000000
0.000000
0.000000
0.000000
0.000000
0.000000
1.000000
0.000000
0.000000
0.000000
0.000000
0.000000
0.000000
0.000000
0.000000
0.000000
0.000001
0.000000
0.000000
0.000000
0.000000
0.000000
0.995726
0.000000
0.000000
0.000000
0.000000
0.000000
0.757644
0.000000
0.000000
0.000000
0.000000
0.000073
0.999881
0.000000
0.000000
0.000000
0.000000
0.999249
0.112446
0.000000
0.000000
0.000000
0.782560
0.000000
0.000000
0.832716
0.000008
0.000000
0.000069
0.000047
0.000000
0.000000
0.996531
0.000008
0.000000
0.000000
0.000000
0.000001
0.999947
0.005207
0.000000
0.999971
0.000000
0.041847
1.000000
0.000000
1.000000
1.000000
0.000014
1.000000
0.000000
0.999842
0.983306
0.000000
0.000000
0.000000
0.999996
0.000000
0.000000
0.000002
0.000000
0.000004
0.000000
0.000000
0.000000
0.000000
0.000000
0.000000
0.911797
0.000000
0.000000
0.000000
0.000000
1.000000
0.000000
0.000000
1.000000
1.000000
0.000006
0.000003
0.000000
0.000000
0.000015
0.000000
0.000000
0.000000
0.999577
0.000000
0.000001
1.000000
0.000000
1.000000
0.000000
0.000471
0.791902
1.000000
0.000001
0.000000
0.000000
0.000000
0.247979
0.000000
0.000000
0.810121
0.000000
0.000000
0.000000
1.000000
0.000000
1.000000
0.000000
1.000000
0.006864
0.000000
0.000003
0.999949
1.000000
0.999998
0.000001
0.999986
0.000000
0.000000
0.000000
0.000000
0.000000
0.751719
0.948967
0.000000
0.000000
0.000000
0.000000
0.000000
0.000001
0.000000
0.000000
0.137393
1.000000
0.000000
0.000000
0.000000
0.000000
0.000001
0.000000
0.000000
0.000000
0.000000
0.219094
0.000000
0.039468
0.000000
0.000000
0.000000
0.000000
0.999932
1.000000
0.000000
0.008975
0.000000
1.000000
0.000000
1.000000
0.000000
1.000000
0.000000
0.000000
0.000000
0.000000
0.000033
0.000000
1.000000
0.000000
0.003285
0.000000
0.000000
0.000000
0.000000
0.000000
0.000306
0.000000
0.000178
0.085432
0.000000
0.000000
0.999993
0.000000
0.999999
0.000000
0.000000
0.000000
0.000000
0.000000
0.999996
0.000000
0.000000
1.000000
1.000000
0.000000
0.000000
0.000000
0.998504
0.000000
0.002814
0.000000
1.000000
0.000035
0.000000
0.840109
0.000000
0.000000
0.000000
0.000005
0.000000
0.000000
1.000000
0.697877
0.000000
0.000000
0.000000
0.113902
0.000000
0.000000
0.999999
0.000000
0.000000
0.000000
1.000000
0.000002
0.999996
0.000000
0.000000
0.842391
0.000000
0.000000
0.000000
0.002257
0.000000
0.000000
0.000000
0.000000
0.000000
0.000000
0.000000
0.000000
0.000000
0.000000
0.946729
0.000003
0.000000
1.000000
1.000000
0.000000
1.000000
0.999989
0.000000
0.034426
0.000000
1.000000
0.027545
0.000051
0.000000
0.000001
0.000000
0.000000
1.000000
0.000000
0.000000
0.000000
0.000000
0.000000
0.933458
0.000000
0.000000
0.000000
0.000000
0.000000
0.000000
0.977635
0.000000
0.990997
0.000000
0.000000
0.000000
0.000000
0.000705
0.000002
0.006974
1.000000
0.000000
0.000000
0.000000
0.000000
0.987841
0.000000
0.000000
0.000001
0.000002
0.999864
1.000000
1.000000
0.005686
0.826143
0.000061
0.000000
0.000000
0.996315
0.000000
0.999836
0.002928
0.000000
0.000000
0.000000
0.000000
0.000000
1.000000
0.000000
0.005172
0.782183
0.000000
0.999701
0.000000
0.000147
0.982535
0.000000
0.000000
0.000000
0.000000
0.000000
0.000000
0.000000
0.000000
1.000000
0.999998
0.000000
0.000000
1.000000
0.000000
0.999605
0.000006
0.000000
0.999976
0.000000
0.000000
0.000000
0.000000
1.000000
0.000000
0.994082
0.000000
0.000128
0.996600
0.000000
1.000000
0.000000
0.000000
0.000000
0.000000
0.000000
0.000000
0.000000
0.000000
0.000000
0.990957
0.000000
0.897794
0.000000
1.000000
0.000000
0.000000
0.000000
0.000000
0.000000
0.001479
0.000000
1.000000
0.000000
0.000000
0.000000
0.999992
0.000000
0.000000
0.000364
0.000000
0.000027
0.000000
0.000001
0.000000
0.000000
0.000000
0.001046
0.000000
0.996996
0.000000
0.000000
0.000000
0.000000
0.000000
0.000000
0.000000
0.000235
0.001971
0.000000
0.000000
1.000000
0.000000
0.000000
0.000000
0.000011
0.000000
0.000001
0.000000
0.744582
0.000000
1.000000
0.000000
0.999702
0.000021
0.999975
0.679936
0.999973
1.000000
0.000000
0.000000
0.999999
0.000000
0.986243
0.000000
0.000097
0.000000
0.000001
0.000000
0.000000
0.987417
0.000000
0.000000
0.000000
0.988081
1.000000
0.000000
1.000000
1.000000
0.000000
0.000000
0.000000
0.000000
0.000000
0.000420
0.000000
0.000000
0.999204
0.000000
0.000000
0.000000
0.000002
1.000000
0.000000
0.000000
1.000000
0.000000
0.013400
0.000000
0.000000
0.000166
0.819764
0.999783
0.000000
0.000000
0.000000
0.000001
0.999973
0.000000
0.000000
0.000006
0.000000
0.000000
0.998895
0.000007
0.000000
0.000000
0.000000
1.000000
0.999474
0.000000
0.000000
0.000000
0.000000
0.000000
0.000000
0.000001
0.999990
0.000000
1.000000
1.000000
0.999999
1.000000
1.000000
0.000000
0.000000
0.000000
0.003771
0.000000
0.000000
0.000000
0.000000
0.000000
0.000000
0.000000
0.000000
0.996212
0.000000
0.000000
0.000000
0.000001
0.002601
0.999972
0.000000
0.000000
0.000000
0.000811
1.000000
0.000000
0.000000
0.000000
0.000000
0.000000
0.000000
0.000000
0.000080
0.000000
0.000000
0.000000
1.000000
0.000000
0.996750
1.000000
0.998840
0.000000
0.000000
0.000825
1.000000
0.000000
0.000001
0.999212
0.000000
0.000000
0.000000
0.000000
0.000000
0.000000
0.000000
1.000000
0.994962
0.000000
0.003432
0.000000
0.000000
1.000000
0.000000
0.000000
0.000000
0.000000
0.000037
0.000000
0.000000
0.000000
0.000000
0.000000
0.433931
0.000002
0.999994
0.000000
0.000000
1.000000
0.010299
0.991110
0.955899
0.999411
0.000000
0.000008
0.000000
0.995470
0.000000
0.000000
0.936733
0.999812
0.000000
0.000000
0.000001
0.999938
0.000000
0.999888
1.000000
0.000000
0.000000
0.000000
0.000000
0.274340
0.000000
0.000000
0.000000
0.009471
0.000000
0.999193
0.000000
0.000384
1.000000
0.000000
0.000000
0.000000
0.000000
0.000000
0.993130
1.000000
0.000000
0.009804
0.000000
0.999999
1.000000
1.000000
0.999997
0.000002
0.000000
1.000000
0.000000
0.000001
0.000000
0.000000
0.005335
0.000000
0.001180
0.000000
0.000000
0.000000
0.000000
0.000000
0.000000
0.000000
0.999886
0.000000
0.000000
0.000000
0.000000
0.000000
0.022152
0.000002
0.000024
0.000000
0.000000
0.000000
0.000000
0.000000
0.000000
1.000000
0.000002
0.000000
0.000416
0.095069
0.000000
0.000000
0.000000
0.000000
0.000000
0.000000
0.000000
0.000014
0.999949
0.000000
1.000000
0.000000
1.000000
0.000000
0.999309
0.000000
0.000000
0.000000
0.000001
0.000000
0.000000
0.000000
0.000000
0.000000
1.000000
0.000000
0.999999
0.000231
0.000000
0.000312
0.997879
0.644282
1.000000
1.000000
0.999999
0.000000
0.000000
0.000000
0.711295
0.000000
0.925759
1.000000
0.000000
0.000000
0.067552
0.000006
0.000000
0.000000
0.000000
0.000000
0.000000
0.000201
